aarhus[1] 18[2]: 75 513 
aaron[1] 17[1]: 423 
aberrationcorrected[1] 39[1]: 497 
ability[5] 11[1]: 101 14[1]: 393 17[1]: 843 19[1]: 759 38[1]: 415 
able[14] 2[1]: 609 4[1]: 688 6[1]: 511 8[1]: 102 9[1]: 595 12[1]: 159 13[1]: 261 15[2]: 332 398 31[1]: 19 34[2]: 57 397 35[1]: 97 36[1]: 569 38[1]: 212 39[1]: 471 
abnormalities[1] 16[1]: 528 
aboard[4] 0[1]: 127 4[2]: 246 824 7[1]: 183 9[2]: 256 381 
above[2] 18[1]: 134 28[1]: 398 
absence[1] 30[1]: 452 
absolutely[1] 34[1]: 17 
absorbed[1] 34[1]: 236 
absorbs[1] 30[1]: 191 
abstract[1] 26[1]: 118 
abundance[1] 6[1]: 332 
abundant[1] 19[1]: 166 
abundantly[1] 19[1]: 627 
academia[1] 19[1]: 145 
academic[1] 37[2]: 494 551 
academics[1] 18[1]: 28 
academy[2] 9[2]: 53 174 17[1]: 58 
accelerate[3] 0[1]: 267 35[1]: 362 36[1]: 667 
accelerated[1] 36[1]: 95 
accelerometer[1] 4[2]: 169 372 
accept[2] 23[1]: 320 36[1]: 403 
accepted[1] 39[1]: 154 
access[3] 0[2]: 100 275 24[1]: 290 37[1]: 33 
accident[1] 7[1]: 28 
accidental[1] 27[1]: 617 
accidentally[1] 28[1]: 69 
accommodate[1] 4[1]: 509 
accompanied[1] 20[1]: 246 
accomplish[1] 0[1]: 517 
according[13] 4[2]: 157 484 7[1]: 252 10[1]: 217 13[1]: 54 16[1]: 261 18[1]: 21 20[2]: 72 264 21[1]: 72 23[1]: 154 25[1]: 292 26[2]: 115 172 29[2]: 71 170 32[2]: 32 80 
account[2] 10[1]: 249 13[1]: 179 
accretion[1] 3[1]: 53 
accuracy[2] 4[1]: 378 28[1]: 635 
accurate[1] 1[1]: 512 
acer[1] 21[1]: 492 
acetylene[1] 35[3]: 292 337 402 
achieve[1] 31[1]: 208 
achilles[1] 11[1]: 329 
achrtem[1] 39[1]: 503 
acid[1] 33[1]: 343 
acidic[1] 2[1]: 428 
acknowledged[1] 27[1]: 48 
acknowledging[1] 25[1]: 215 
acoustic[2] 6[4]: 307 329 402 434 17[1]: 768 
acoustics[1] 6[1]: 414 
acq[1] 4[1]: 384 
acquired[1] 17[1]: 362 
acquiring[1] 1[1]: 396 
acquisition[1] 4[1]: 381 
across[3] 6[1]: 360 19[1]: 64 39[1]: 520 
act[1] 37[1]: 164 
action[4] 6[1]: 208 9[1]: 313 34[1]: 119 35[1]: 468 
activated[1] 16[1]: 472 
activating[1] 11[1]: 522 
active[3] 3[1]: 393 15[2]: 182 455 39[1]: 203 
actively[1] 5[1]: 201 
activists[1] 27[1]: 212 
activities[1] 4[1]: 303 
activity[5] 6[1]: 403 12[1]: 325 14[1]: 493 34[1]: 572 39[1]: 445 
actual[2] 9[1]: 587 17[2]: 372 470 
actuality[1] 4[1]: 30 
actually[5] 3[1]: 323 6[1]: 356 9[2]: 491 617 21[4]: 59 68 199 668 38[1]: 431 
acuity[1] 22[2]: 68 376 
adapt[2] 0[1]: 877 13[1]: 385 
adaptation[1] 17[2]: 34 764 
add[2] 4[1]: 723 9[1]: 16 
added[3] 14[1]: 626 30[1]: 330 32[1]: 292 
addition[4] 9[1]: 473 20[1]: 480 34[1]: 549 37[1]: 295 
additional[5] 0[1]: 790 11[1]: 181 21[1]: 404 28[1]: 377 39[1]: 363 
additionally[1] 25[1]: 594 
address[4] 1[2]: 392 414 19[1]: 90 27[1]: 355 28[1]: 412 
addressing[1] 19[1]: 421 
adenocarcinoma[1] 16[1]: 342 
adequately[1] 10[1]: 248 
adhesion[2] 32[13]: 1 56 287 309 333 339 360 374 383 395 419 462 477 33[1]: 329 
adhesive[1] 32[1]: 219 
administration[1] 1[1]: 462 
adoption[1] 24[1]: 464 
adrenaline[1] 16[3]: 421 447 452 
adrenoceptors[1] 16[1]: 440 
adults[2] 13[1]: 242 22[4]: 113 187 211 464 
advance[3] 6[2]: 492 545 14[1]: 591 16[1]: 260 
advanced[5] 8[1]: 300 9[1]: 167 14[1]: 100 32[1]: 508 37[1]: 249 
advances[2] 6[1]: 104 30[1]: 79 
advantage[5] 0[1]: 775 4[1]: 40 24[1]: 386 25[1]: 585 33[1]: 176 
advantages[1] 38[1]: 271 
adverse[1] 16[1]: 299 
advice[1] 0[1]: 865 
advisor[1] 6[1]: 533 
advisors[1] 31[1]: 353 
aerospace[3] 0[1]: 92 1[1]: 166 7[1]: 694 
affect[1] 23[1]: 548 
affects[2] 17[1]: 696 19[1]: 355 
affiliated[1] 27[1]: 558 
africa[1] 6[1]: 22 
after[18] 1[1]: 172 2[1]: 377 4[1]: 397 5[1]: 494 10[1]: 343 11[1]: 458 12[1]: 139 14[2]: 85 243 15[1]: 248 19[1]: 174 20[2]: 137 202 21[1]: 164 22[1]: 224 23[2]: 177 528 27[1]: 372 28[1]: 275 33[1]: 227 38[1]: 58 
afternoon[3] 20[2]: 77 155 25[1]: 20 27[1]: 21 
afterward[1] 0[1]: 85 
again[2] 25[1]: 542 28[2]: 114 647 
against[8] 11[3]: 126 256 397 14[1]: 387 18[1]: 154 20[1]: 394 23[1]: 392 24[1]: 331 26[3]: 30 411 539 27[2]: 64 88 
age[3] 12[1]: 276 22[1]: 225 25[1]: 204 
agencies[2] 0[1]: 140 4[1]: 28 
agency[4] 0[1]: 487 7[1]: 696 23[5]: 121 149 202 259 538 32[1]: 511 
agencys[1] 1[1]: 131 
agents[1] 19[2]: 131 527 
ages[1] 22[1]: 298 
aggressive[1] 28[1]: 48 
aging[1] 16[1]: 181 
ago[5] 2[2]: 45 387 3[1]: 99 5[1]: 85 12[2]: 32 228 17[1]: 347 
agree[1] 6[1]: 197 
agreeing[1] 27[1]: 433 
agreements[1] 26[2]: 271 292 
aid[1] 33[1]: 328 
aided[1] 29[1]: 92 
aim[1] 26[1]: 379 
aimed[1] 20[1]: 40 
aiming[1] 0[1]: 475 
air[4] 0[1]: 155 1[1]: 73 9[1]: 603 31[2]: 26 273 
aircraft[1] 0[1]: 161 
aircraftlike[1] 0[1]: 341 
airline[1] 0[1]: 153 
airplane[1] 0[1]: 788 
airplanes[1] 0[1]: 717 
akin[1] 27[1]: 307 
alamos[2] 7[1]: 666 18[2]: 63 516 
alan[1] 36[1]: 249 
albert[1] 34[1]: 113 
alcatellucent[1] 26[1]: 60 
ald[1] 33[2]: 375 408 
alerted[1] 7[1]: 43 
alexander[3] 6[1]: 258 10[1]: 326 30[1]: 280 
algorithm[1] 6[1]: 663 
aligned[2] 33[1]: 219 35[1]: 627 
alive[1] 23[1]: 33 
all[18] 2[1]: 254 4[1]: 193 9[1]: 741 12[1]: 133 13[1]: 230 14[4]: 98 166 194 617 17[2]: 140 526 21[1]: 317 26[2]: 207 494 28[4]: 141 344 393 568 29[1]: 97 31[1]: 179 32[3]: 254 281 591 33[2]: 418 441 34[1]: 352 36[3]: 327 559 655 37[1]: 17 38[2]: 248 511 
alleged[2] 26[1]: 421 27[2]: 0 26 
allegedly[4] 20[1]: 403 26[1]: 397 27[1]: 581 28[1]: 90 
alleges[1] 26[1]: 52 
allergy[1] 11[1]: 644 
alliance[1] 1[1]: 287 
allornothing[1] 13[1]: 398 
allow[2] 6[1]: 664 9[1]: 671 
allowed[5] 5[1]: 186 8[1]: 66 9[1]: 716 21[1]: 80 27[1]: 486 
allowing[4] 3[1]: 455 26[1]: 128 35[1]: 524 37[1]: 89 
allows[4] 3[1]: 103 14[1]: 277 32[1]: 94 35[1]: 142 
allsky[1] 7[1]: 178 
almost[4] 13[1]: 229 19[1]: 364 21[1]: 675 38[1]: 409 
alone[3] 8[1]: 258 13[2]: 24 501 29[1]: 5 
along[4] 7[1]: 362 13[1]: 185 17[1]: 765 24[1]: 127 
aloud[1] 27[1]: 36 
already[6] 2[1]: 462 13[1]: 479 21[1]: 203 22[1]: 447 23[3]: 138 159 336 36[1]: 283 
also[31] 0[3]: 489 694 809 1[1]: 493 2[1]: 203 4[4]: 37 252 386 828 5[3]: 392 571 633 9[1]: 606 11[3]: 279 453 574 13[3]: 143 334 438 14[7]: 74 170 298 403 495 585 630 15[1]: 331 16[3]: 78 314 502 17[3]: 84 681 845 18[5]: 55 132 387 421 441 19[2]: 120 396 21[3]: 97 268 295 22[1]: 270 23[4]: 88 505 539 557 24[1]: 33 25[2]: 337 494 26[2]: 57 293 27[2]: 345 498 28[1]: 608 29[1]: 240 31[2]: 418 452 32[2]: 384 448 33[2]: 174 526 34[1]: 537 35[1]: 208 36[1]: 94 37[1]: 299 38[1]: 472 
alterations[1] 4[1]: 123 
altered[1] 11[2]: 36 310 
although[7] 5[1]: 466 6[1]: 189 13[1]: 86 14[1]: 478 15[1]: 238 16[1]: 361 19[1]: 429 
altitude[1] 4[1]: 350 
aluminum[2] 31[2]: 378 396 33[1]: 357 
aluminumdoped[1] 33[1]: 363 
always[1] 21[1]: 472 
alzheimers[1] 16[1]: 344 
am[8] 1[1]: 369 10[1]: 13 11[1]: 9 12[1]: 9 13[1]: 9 24[1]: 7 25[1]: 7 26[1]: 8 
amazed[1] 9[1]: 641 
amazing[3] 9[1]: 13 25[1]: 428 32[1]: 238 
amazon[1] 21[17]: 64 104 178 206 233 259 291 347 397 408 443 448 539 603 628 643 651 
amazons[1] 21[4]: 1 21 113 361 
ambient[1] 37[2]: 93 230 
amblyopia[1] 22[6]: 115 147 197 234 282 297 
america[1] 25[1]: 544 
american[1] 22[1]: 266 
ammonia[2] 8[1]: 629 35[2]: 294 339 
among[7] 0[1]: 299 8[1]: 711 10[1]: 336 29[3]: 149 330 356 32[1]: 253 34[1]: 510 36[2]: 88 232 
amorphous[1] 36[1]: 530 
amount[4] 10[1]: 252 22[1]: 363 37[2]: 137 177 38[1]: 230 
amounts[1] 5[1]: 615 
amsuss[1] 38[1]: 444 
analyses[1] 15[1]: 66 
analysis[4] 6[1]: 273 8[1]: 394 17[1]: 161 36[1]: 431 
analytical[1] 9[1]: 735 
analyze[1] 4[1]: 655 
analyzed[2] 15[1]: 393 28[1]: 402 
anatoli[1] 35[1]: 109 
anatoliy[1] 36[1]: 185 
ancient[3] 2[4]: 259 362 425 556 12[6]: 4 168 185 199 340 453 17[2]: 0 134 
andre[2] 30[1]: 32 32[1]: 537 
andrea[1] 30[1]: 387 
andrei[1] 39[1]: 135 
android[3] 21[4]: 7 196 319 621 26[4]: 468 475 493 540 29[3]: 91 160 492 
androids[1] 26[1]: 531 
angelesbased[1] 0[1]: 90 
angle[1] 35[1]: 539 
angles[1] 4[1]: 353 
angular[2] 3[1]: 436 38[1]: 474 
animal[1] 11[2]: 71 390 
animals[1] 11[1]: 598 
anne[1] 19[1]: 263 
announced[2] 6[1]: 260 20[1]: 307 
annual[1] 25[1]: 73 
anonymizing[1] 27[1]: 338 
anonymous[1] 27[16]: 1 12 19 29 169 175 223 286 294 362 477 520 560 594 596 620 
another[8] 0[1]: 726 15[1]: 311 21[1]: 596 22[1]: 348 26[1]: 26 31[1]: 443 32[1]: 382 36[2]: 337 375 
answer[2] 31[1]: 234 38[1]: 93 
answering[1] 15[1]: 57 
answers[1] 28[1]: 573 
antenna[1] 28[2]: 290 312 
anthony[1] 20[1]: 121 
anthropology[1] 17[1]: 253 
antibiotic[1] 12[8]: 22 59 70 98 189 236 361 454 
antibiotics[1] 12[3]: 2 110 363 
antibodies[1] 11[9]: 277 356 396 424 511 612 627 717 754 
antibody[1] 11[1]: 589 
anticancer[1] 14[1]: 410 
anticipated[1] 9[1]: 416 
anticipating[1] 27[1]: 359 
antitumour[1] 14[1]: 492 
any[12] 2[2]: 101 485 5[1]: 623 15[2]: 85 381 19[1]: 645 20[3]: 308 452 486 21[1]: 403 22[1]: 477 24[1]: 442 28[1]: 564 30[1]: 267 32[1]: 596 36[1]: 173 
anymore[1] 25[1]: 573 
anyone[1] 6[1]: 508 
anything[3] 0[1]: 122 2[2]: 30 309 7[1]: 100 
anyway[1] 21[1]: 169 
anywhere[1] 0[1]: 220 
apart[3] 5[1]: 382 7[1]: 295 8[1]: 614 
app[1] 4[4]: 235 250 463 700 
apparently[1] 2[1]: 72 
appeal[1] 4[1]: 587 
appear[5] 3[1]: 424 6[1]: 527 7[1]: 426 17[1]: 629 35[1]: 577 
appearance[2] 5[1]: 239 27[1]: 141 
appeared[2] 7[1]: 464 20[1]: 140 
appearing[2] 7[1]: 13 8[1]: 432 
appears[4] 5[1]: 124 17[1]: 780 21[1]: 134 22[1]: 190 
applause[1] 25[1]: 349 
apple[6] 4[1]: 85 20[8]: 19 50 136 150 215 248 303 362 21[2]: 328 453 25[6]: 3 291 297 322 343 360 26[5]: 2 31 369 456 544 28[10]: 17 44 66 128 150 173 208 357 500 661 
apples[1] 28[2]: 468 478 
application[2] 4[2]: 493 528 10[1]: 441 
applications[5] 0[1]: 259 30[3]: 121 166 365 31[1]: 310 32[2]: 212 594 33[1]: 443 
applied[2] 35[1]: 319 37[2]: 53 435 
apply[1] 36[1]: 629 
appreciated[1] 16[1]: 293 
approach[8] 6[1]: 285 10[1]: 446 11[2]: 3 28 14[2]: 308 474 15[1]: 427 34[1]: 515 36[4]: 103 157 566 606 37[1]: 527 
approaches[2] 11[1]: 191 36[1]: 665 
appropriates[1] 20[1]: 468 
approval[1] 23[1]: 413 
approve[2] 23[2]: 422 516 25[1]: 467 
approved[2] 23[1]: 490 25[1]: 486 
approximately[5] 5[1]: 32 7[1]: 150 8[2]: 481 489 18[1]: 203 30[1]: 194 
apps[2] 28[1]: 640 29[3]: 487 510 525 
april[3] 2[1]: 538 9[2]: 59 385 26[1]: 376 
aquaculture[1] 13[1]: 104 
aquarium[1] 10[1]: 428 
aquatic[1] 13[1]: 101 
arc[1] 4[1]: 344 
archaea[1] 10[3]: 185 245 272 
archaeocete[1] 17[5]: 163 482 513 519 687 
archaeocetes[1] 17[4]: 131 291 707 869 
architecture[2] 25[1]: 134 33[1]: 546 
area[3] 12[1]: 234 17[1]: 741 33[2]: 189 205 
areas[2] 3[1]: 213 28[2]: 505 590 
argued[2] 25[2]: 261 576 27[1]: 604 
argues[1] 26[1]: 473 
arguing[1] 25[1]: 446 
arise[2] 7[1]: 403 28[1]: 408 
arizona[1] 27[1]: 540 
arm[1] 2[1]: 192 
army[1] 11[1]: 687 
around[16] 0[2]: 169 249 2[1]: 318 3[1]: 54 7[1]: 308 9[4]: 514 539 574 600 12[2]: 44 433 17[1]: 829 18[1]: 376 19[1]: 769 24[1]: 312 25[5]: 252 268 273 280 303 26[2]: 93 185 27[2]: 202 396 28[1]: 581 35[1]: 363 39[1]: 512 
arraignment[2] 20[1]: 414 28[1]: 106 
arraignments[1] 27[1]: 112 
arranged[2] 30[2]: 222 484 35[1]: 438 
array[3] 1[1]: 247 7[1]: 229 33[2]: 263 312 
arrested[1] 27[1]: 249 
arrestin[1] 16[1]: 425 
arrests[1] 27[1]: 253 
arrival[1] 1[1]: 174 
arrived[2] 1[1]: 70 2[2]: 42 272 
arrives[1] 1[1]: 4 
arrowhead[1] 3[1]: 274 
article[1] 23[1]: 357 
artificial[1] 17[1]: 568 
artiodactyls[1] 17[1]: 598 
arvidson[1] 2[1]: 343 
ashley[1] 7[1]: 194 
ashtabula[1] 31[1]: 94 
asked[3] 4[1]: 607 9[1]: 220 25[4]: 81 193 229 407 
aspect[1] 17[1]: 261 
aspects[1] 3[1]: 378 
aspuruguzik[1] 36[2]: 250 671 
assault[1] 22[1]: 312 
assaulted[1] 27[1]: 216 
assembly[1] 0[1]: 358 
assess[2] 14[1]: 486 19[1]: 609 
assets[1] 23[5]: 22 166 280 291 305 
assigned[1] 22[1]: 23 
assistant[1] 32[1]: 151 
assisted[1] 20[1]: 18 
associate[6] 7[1]: 605 16[1]: 214 19[1]: 494 31[1]: 321 35[1]: 112 36[2]: 223 252 
associated[3] 7[1]: 493 12[1]: 254 16[1]: 348 
associates[1] 39[1]: 247 
association[1] 22[1]: 268 
assumed[1] 7[1]: 476 
assuming[1] 5[1]: 483 
asteroid[1] 0[1]: 503 
astonished[1] 9[1]: 485 
astonishment[1] 17[1]: 524 
astray[1] 28[1]: 21 
astronauts[2] 0[2]: 480 498 9[2]: 151 369 
astronomer[1] 3[1]: 137 
astronomers[5] 3[2]: 104 403 5[2]: 9 220 6[1]: 161 7[3]: 44 104 521 8[2]: 36 214 
astronomical[1] 3[1]: 118 
astronomy[1] 7[2]: 83 224 
astrophysical[1] 8[2]: 435 470 
astrophysics[3] 5[2]: 114 683 7[2]: 204 608 8[1]: 117 
astrotech[1] 1[1]: 187 
asymmetric[1] 17[1]: 66 
asymmetrical[1] 17[5]: 382 486 630 673 804 
asymmetry[1] 17[9]: 148 175 197 532 550 646 688 787 791 
ate[1] 17[1]: 322 
atlantic[1] 18[1]: 447 
atmosphere[2] 0[1]: 735 1[1]: 142 
atmospheres[1] 8[2]: 228 236 
atmospheric[3] 1[2]: 404 461 8[2]: 349 669 13[1]: 72 
atom[1] 39[3]: 318 441 483 
atomic[5] 32[2]: 125 319 33[1]: 372 34[6]: 39 44 204 333 405 562 38[1]: 478 39[1]: 492 
atomically[1] 39[1]: 271 
atoms[7] 8[1]: 172 30[1]: 483 32[1]: 114 34[6]: 188 232 308 319 328 348 35[4]: 334 347 356 437 38[2]: 396 451 39[2]: 281 365 
atop[2] 1[1]: 327 8[2]: 684 698 
att[2] 23[15]: 0 14 50 65 86 118 136 157 167 204 237 370 384 388 431 29[1]: 126 
attached[3] 1[1]: 320 7[1]: 701 36[1]: 317 
attack[3] 14[1]: 419 27[2]: 87 270 39[3]: 5 47 341 
attacks[1] 27[1]: 481 
attempt[1] 35[1]: 596 
attempting[1] 11[1]: 133 
attempts[1] 27[1]: 300 
attitude[1] 1[1]: 276 
attorney[1] 27[1]: 566 
attorneys[1] 27[2]: 122 456 
attract[1] 9[1]: 335 
attracting[1] 9[3]: 68 128 377 
attraction[1] 9[3]: 74 419 464 
attractive[1] 32[1]: 434 
attributed[1] 10[2]: 181 408 
au[1] 29[1]: 47 
audience[1] 25[1]: 352 
aug[14] 0[1]: 62 1[3]: 64 150 313 7[1]: 16 17[1]: 65 30[1]: 9 31[1]: 12 32[2]: 12 175 33[1]: 14 34[1]: 8 35[1]: 10 36[2]: 12 244 37[1]: 15 38[1]: 4 39[1]: 11 
augment[1] 4[1]: 296 
august[9] 6[1]: 247 14[1]: 12 15[1]: 5 16[2]: 10 65 17[1]: 9 18[1]: 8 19[1]: 6 20[1]: 385 22[1]: 37 
austin[1] 5[1]: 570 
author[8] 8[2]: 428 460 10[1]: 235 11[2]: 148 307 19[2]: 392 492 22[1]: 118 32[1]: 164 33[1]: 293 37[1]: 456 
authorities[1] 27[1]: 257 
authority[2] 17[1]: 216 27[1]: 375 
authors[3] 17[1]: 680 19[1]: 598 36[1]: 234 
automatically[1] 21[1]: 430 
available[5] 4[1]: 253 5[1]: 461 9[1]: 247 15[1]: 379 37[1]: 241 
avenue[1] 11[1]: 177 
average[1] 18[1]: 137 
aversion[1] 29[1]: 472 
awakening[1] 7[1]: 122 
awarded[1] 27[1]: 120 
aware[1] 9[1]: 204 
awareness[1] 29[1]: 307 
away[5] 6[1]: 149 7[1]: 142 8[4]: 261 485 492 521 21[1]: 310 35[1]: 349 
axis[1] 7[1]: 367 
