b[1] 11[13]: 60 74 109 376 391 446 506 525 555 656 664 700 746 
back[10] 8[1]: 503 9[1]: 534 12[1]: 460 17[1]: 583 18[1]: 160 20[1]: 450 24[2]: 22 403 25[1]: 86 27[1]: 349 37[1]: 482 
backlash[1] 24[1]: 328 
backlight[1] 37[6]: 13 99 141 180 345 478 
backlit[1] 21[1]: 577 
backlitonly[1] 21[1]: 559 
backward[1] 7[1]: 622 
bacteria[2] 10[4]: 5 115 202 269 12[1]: 16 
bacterial[2] 10[1]: 366 12[1]: 143 
bad[1] 22[1]: 432 
balance[1] 18[6]: 152 158 177 303 330 349 
baleen[1] 17[4]: 115 286 655 668 
ball[2] 0[2]: 381 434 1[1]: 165 
ballmer[1] 25[1]: 236 
bandgap[1] 30[1]: 455 
bao[1] 36[2]: 221 585 
bar[1] 28[2]: 31 677 
barnes[1] 26[1]: 487 
barton[1] 11[1]: 144 
base[3] 1[1]: 75 7[1]: 413 25[1]: 522 
based[5] 8[1]: 651 15[1]: 207 17[1]: 379 26[1]: 575 34[1]: 494 
basic[1] 6[1]: 176 
basically[1] 16[1]: 197 
basilosaurus[1] 17[1]: 338 
basis[2] 16[1]: 325 32[1]: 134 
batteries[1] 33[1]: 33 
battery[1] 33[2]: 132 480 
battles[1] 26[1]: 451 
bay[3] 0[1]: 625 2[2]: 293 307 10[1]: 427 
bayer[1] 31[1]: 84 
beach[1] 37[1]: 319 
beadedjet[1] 3[1]: 301 
beam[1] 34[1]: 230 
beamed[1] 7[1]: 538 
beaming[1] 7[1]: 453 
became[6] 11[1]: 353 13[1]: 238 17[1]: 677 25[1]: 284 27[1]: 15 36[1]: 426 
because[20] 0[1]: 789 5[2]: 360 521 6[2]: 483 626 8[1]: 255 9[1]: 451 12[1]: 115 13[1]: 236 14[4]: 219 275 300 416 19[1]: 326 21[1]: 339 22[2]: 228 406 23[1]: 207 25[2]: 288 375 26[1]: 87 27[1]: 174 28[1]: 58 32[1]: 141 34[1]: 250 35[3]: 187 528 582 39[1]: 387 
become[7] 8[1]: 495 13[1]: 31 21[1]: 391 27[2]: 206 427 34[1]: 335 35[1]: 459 37[1]: 420 
becomes[4] 5[1]: 212 7[1]: 313 16[1]: 135 38[2]: 408 466 
becoming[1] 12[1]: 112 
bedrock[1] 2[1]: 408 
been[26] 2[2]: 329 561 4[3]: 38 634 823 5[2]: 157 356 6[2]: 163 510 7[1]: 31 10[2]: 180 309 11[1]: 197 12[2]: 43 343 14[4]: 233 334 380 404 17[1]: 303 18[3]: 173 224 318 19[2]: 68 570 20[1]: 494 21[3]: 236 336 369 22[1]: 88 23[2]: 139 337 26[3]: 92 357 498 27[1]: 473 29[1]: 44 30[2]: 176 412 32[1]: 262 34[5]: 56 244 396 445 462 35[2]: 96 586 36[2]: 127 284 38[4]: 34 123 160 186 39[3]: 153 177 470 
beer[2] 20[1]: 377 28[1]: 77 
before[11] 5[1]: 442 6[3]: 9 82 659 7[1]: 103 8[1]: 370 12[1]: 436 17[2]: 397 653 19[1]: 582 23[1]: 147 24[1]: 372 27[1]: 43 36[1]: 165 
began[1] 17[3]: 229 449 517 
begin[2] 1[1]: 79 19[1]: 21 
beginning[3] 19[1]: 227 21[2]: 242 502 26[1]: 341 
begins[1] 2[1]: 4 
behalf[1] 14[1]: 606 
behaves[1] 7[1]: 98 
behavior[1] 15[1]: 93 
behind[4] 19[1]: 82 24[1]: 410 26[1]: 249 31[1]: 178 
being[12] 0[1]: 822 2[1]: 608 3[1]: 245 9[1]: 394 10[1]: 257 14[1]: 203 18[1]: 372 25[1]: 70 26[1]: 567 32[1]: 278 34[1]: 141 35[2]: 481 532 
belief[1] 22[1]: 232 
believe[5] 6[1]: 614 14[1]: 462 17[1]: 129 19[1]: 85 37[1]: 264 
believed[1] 39[1]: 403 
believes[3] 0[1]: 816 6[1]: 651 26[1]: 315 
bell[1] 14[6]: 251 329 359 447 546 628 
belonging[1] 27[1]: 538 
below[1] 10[1]: 46 
bench[1] 2[1]: 317 
benchmark[1] 24[1]: 440 
bend[3] 9[1]: 305 17[2]: 535 705 36[1]: 57 
beneath[2] 6[1]: 464 35[1]: 421 
beneficially[1] 2[1]: 513 
benefit[2] 23[1]: 369 33[1]: 445 
benefits[1] 24[2]: 264 337 
benioff[1] 25[2]: 28 192 
berger[1] 7[1]: 603 
berkeley[1] 22[3]: 48 126 290 
bernal[1] 20[2]: 88 232 
beside[1] 12[1]: 193 
best[6] 14[1]: 601 24[1]: 266 25[2]: 326 364 31[2]: 141 494 33[1]: 29 36[1]: 579 
bet[1] 28[1]: 476 
beta[1] 16[1]: 357 
betaadrenoreceptors[1] 16[1]: 407 
betaarrestin[1] 16[3]: 233 405 475 
betaars[1] 16[2]: 408 454 
beth[1] 11[1]: 16 
better[9] 4[1]: 660 8[1]: 219 10[1]: 129 11[5]: 57 274 281 502 512 22[2]: 66 169 29[1]: 350 31[1]: 434 35[1]: 195 36[1]: 620 
between[16] 0[3]: 201 594 745 1[1]: 425 2[1]: 279 3[2]: 267 552 5[1]: 402 10[1]: 43 17[1]: 790 18[1]: 481 24[1]: 92 28[1]: 525 29[1]: 286 30[1]: 18 32[4]: 334 375 438 464 34[3]: 37 42 402 37[2]: 150 504 38[2]: 310 434 
beyond[5] 0[1]: 97 8[1]: 231 22[1]: 414 23[1]: 171 24[1]: 156 
bid[1] 23[1]: 27 
big[3] 4[1]: 201 6[3]: 429 544 559 12[1]: 128 
bigelow[1] 10[4]: 227 328 358 423 
bigger[3] 4[1]: 850 5[1]: 413 31[1]: 221 
biggest[1] 1[1]: 35 
bigwigs[1] 25[1]: 197 
billion[4] 3[1]: 97 5[3]: 81 497 591 7[1]: 151 23[1]: 26 
billions[1] 8[1]: 192 
bind[2] 11[1]: 56 19[3]: 61 580 761 
binding[2] 11[3]: 372 586 697 19[5]: 620 673 694 748 795 
binds[2] 11[1]: 273 19[1]: 193 
bing[1] 29[1]: 474 
bioimplants[1] 33[1]: 435 
biological[3] 12[1]: 174 14[1]: 468 17[1]: 101 
biologist[1] 15[1]: 152 
biologists[1] 15[1]: 346 
biology[6] 12[1]: 291 13[1]: 102 15[1]: 389 17[1]: 251 22[1]: 43 36[1]: 258 
biomedical[1] 35[1]: 50 
biomes[1] 10[1]: 458 
biopsies[1] 14[1]: 134 
biosciences[1] 10[1]: 469 
biotherpeutics[1] 14[1]: 354 
birth[2] 3[1]: 86 7[1]: 503 
birthing[1] 3[1]: 31 
bisected[1] 19[2]: 716 771 
bison[1] 12[1]: 206 
bit[4] 0[1]: 557 4[1]: 431 6[1]: 236 21[1]: 287 
bite[1] 17[1]: 280 
black[3] 5[27]: 7 21 47 65 100 153 172 195 198 230 252 292 330 347 386 425 440 456 473 489 503 543 557 584 648 668 689 7[12]: 5 128 243 258 274 290 310 331 364 408 440 506 38[1]: 410 
blackberry[1] 29[2]: 231 276 
blackouts[1] 6[1]: 157 
blade[1] 31[7]: 4 44 59 108 126 159 167 
blades[1] 31[10]: 33 195 230 238 258 282 309 448 508 552 
blame[2] 25[1]: 554 28[2]: 117 122 
blank[1] 6[1]: 516 
blasts[1] 7[1]: 488 
bleaker[1] 24[1]: 116 
bleed[1] 3[1]: 434 
blemishes[1] 6[1]: 124 
blinding[1] 8[1]: 264 
blister[1] 32[1]: 328 
block[4] 8[1]: 537 23[1]: 49 28[1]: 342 30[1]: 163 
blockade[1] 16[1]: 350 
blocked[1] 11[1]: 615 
blockers[1] 16[1]: 358 
blocks[2] 35[1]: 466 38[1]: 165 
blog[3] 20[1]: 412 26[1]: 514 28[1]: 96 
blood[1] 16[1]: 116 
bloodstream[1] 33[1]: 500 
blow[1] 21[1]: 316 
blowing[2] 21[1]: 220 22[1]: 491 
blue[1] 3[1]: 234 
blueprint[1] 36[1]: 611 
bluetooth[2] 26[1]: 383 28[1]: 630 
blurred[1] 22[1]: 110 
board[1] 1[1]: 33 
bob[1] 6[1]: 218 
bodies[2] 8[1]: 27 17[1]: 727 
body[6] 6[3]: 298 312 334 8[1]: 35 14[1]: 284 16[2]: 92 458 17[1]: 762 33[1]: 476 
bogus[1] 26[1]: 550 
bohr[1] 34[4]: 75 178 283 436 
boiling[1] 6[1]: 343 
bonded[1] 32[1]: 116 
bone[1] 17[1]: 743 
bonus[1] 2[1]: 604 
books[1] 22[1]: 220 
boon[1] 27[1]: 475 
boost[1] 37[1]: 213 
boosted[1] 30[1]: 261 
booster[1] 0[2]: 530 620 
boosters[2] 0[2]: 560 643 1[1]: 318 
boosts[1] 30[1]: 381 
born[1] 6[1]: 201 
borne[1] 36[1]: 506 
botany[1] 2[2]: 292 306 
both[17] 0[3]: 597 761 766 2[1]: 547 3[1]: 544 5[4]: 197 455 472 499 10[1]: 213 13[1]: 468 16[1]: 519 18[2]: 299 502 21[1]: 108 22[2]: 373 461 23[1]: 276 28[2]: 264 644 30[1]: 343 34[1]: 316 35[1]: 623 36[1]: 555 38[1]: 273 
bought[1] 25[1]: 413 
boulder[3] 1[1]: 170 13[1]: 226 32[1]: 47 
bound[2] 11[1]: 501 19[1]: 778 
boutros[1] 37[1]: 487 
box[1] 21[1]: 413 
brain[2] 22[2]: 150 174 34[1]: 576 
brakes[1] 15[1]: 44 
brand[2] 2[1]: 577 21[2]: 605 644 
brands[1] 21[1]: 631 
break[2] 33[1]: 150 35[1]: 348 
breakthrough[3] 6[1]: 1 12[1]: 352 34[1]: 504 
brian[4] 4[1]: 161 12[1]: 285 20[1]: 397 24[1]: 111 
bridge[1] 1[1]: 424 
briefly[3] 0[1]: 833 25[1]: 405 27[1]: 376 
bright[2] 3[2]: 175 194 7[1]: 69 
brighten[1] 7[1]: 518 
brightening[2] 3[1]: 260 7[1]: 549 
brighter[1] 8[1]: 128 
brightness[1] 7[1]: 435 
brilliant[1] 25[1]: 248 
bring[3] 4[1]: 59 15[2]: 196 301 38[1]: 105 
broad[1] 26[1]: 96 
broadband[1] 26[1]: 205 
broadcom[1] 26[1]: 281 
broader[1] 18[1]: 238 
broadly[2] 11[1]: 654 25[1]: 61 
broken[1] 15[1]: 370 
bromine[1] 2[1]: 135 
brought[1] 24[1]: 401 
brown[1] 8[13]: 152 155 216 238 277 322 344 364 442 523 567 582 662 
bud[1] 39[1]: 396 
budding[1] 0[1]: 472 
budget[1] 18[1]: 116 
build[2] 0[1]: 756 31[1]: 15 
building[6] 0[2]: 189 359 19[1]: 454 25[1]: 251 31[1]: 228 35[1]: 641 38[1]: 164 
buildup[1] 16[1]: 515 
built[3] 16[1]: 94 21[1]: 357 31[3]: 41 121 509 
builtin[1] 37[1]: 86 
bulge[1] 5[1]: 275 
bulk[2] 3[1]: 565 35[1]: 617 
bumping[1] 8[1]: 501 
bunch[1] 32[6]: 154 240 303 408 493 589 
bundle[1] 33[1]: 234 
bundles[1] 33[4]: 1 253 266 335 
buoyancy[1] 6[1]: 226 
burial[1] 17[1]: 405 
burn[1] 8[1]: 179 
burrows[1] 7[2]: 80 156 
burst[1] 7[1]: 481 
bursts[1] 33[1]: 96 
business[2] 0[2]: 108 183 23[1]: 250 
businesses[1] 24[1]: 382 
busy[1] 26[1]: 359 
butte[1] 13[2]: 174 428 
butterflys[1] 6[2]: 34 112 
buy[4] 21[1]: 464 23[2]: 29 288 24[1]: 321 29[1]: 334 
buyers[1] 21[1]: 691 
buying[1] 23[2]: 52 302 
byproduct[1] 3[1]: 50 
