cable[1] 26[1]: 402 
cables[1] 30[1]: 142 
cady[1] 9[2]: 370 502 
caesium[1] 34[2]: 187 307 
cafeteria[1] 28[1]: 469 
cal[1] 4[1]: 361 
calculated[2] 27[1]: 190 36[1]: 407 
calculations[1] 38[2]: 235 295 
calderon[1] 20[2]: 82 276 
calibration[1] 4[2]: 358 374 
calif[5] 2[2]: 10 482 8[3]: 9 404 457 20[1]: 382 27[1]: 11 28[2]: 82 189 
california[4] 1[2]: 6 77 8[1]: 398 13[3]: 10 47 341 20[1]: 447 
californias[1] 13[1]: 265 
call[1] 28[1]: 255 
callas[1] 2[1]: 470 
called[17] 1[1]: 441 2[1]: 291 3[2]: 178 478 4[2]: 236 269 6[1]: 276 7[1]: 451 8[1]: 335 9[1]: 67 14[1]: 125 15[1]: 64 27[1]: 167 33[1]: 371 34[2]: 35 115 35[1]: 357 37[1]: 205 38[1]: 335 39[2]: 386 419 
calls[1] 26[1]: 163 
caltechs[1] 8[1]: 688 
cambridge[3] 5[1]: 117 7[1]: 206 30[3]: 24 391 397 
came[5] 3[1]: 94 12[1]: 476 20[1]: 51 21[1]: 55 36[1]: 319 
camera[5] 2[1]: 218 3[1]: 473 4[1]: 173 28[1]: 229 39[1]: 475 
campaign[2] 26[1]: 538 28[1]: 49 
campanas[1] 8[1]: 708 
campus[2] 16[1]: 26 28[1]: 480 
can[32] 0[3]: 45 588 842 3[2]: 322 359 4[2]: 115 665 5[1]: 527 6[8]: 45 263 316 369 431 445 555 617 7[1]: 626 9[2]: 11 387 10[1]: 94 11[2]: 438 703 12[1]: 458 13[4]: 132 321 381 510 14[6]: 59 292 305 418 436 562 15[2]: 281 390 16[4]: 122 140 171 282 17[1]: 823 19[1]: 651 20[1]: 497 21[1]: 35 22[2]: 181 235 24[1]: 71 25[1]: 156 27[3]: 332 346 490 28[8]: 209 218 224 232 313 350 420 600 29[2]: 66 278 30[5]: 125 274 324 445 475 32[3]: 228 289 396 33[5]: 70 99 149 465 491 35[4]: 132 160 189 458 36[5]: 2 30 181 369 607 37[6]: 157 211 298 346 433 468 38[6]: 53 180 236 364 430 480 39[5]: 42 85 213 260 431 
canada[1] 12[1]: 479 
canadian[1] 12[1]: 484 
cancer[4] 11[1]: 539 14[8]: 7 40 241 273 326 398 444 477 15[3]: 9 34 440 16[2]: 178 340 
cancerfighting[1] 14[1]: 336 
cancers[2] 14[1]: 101 15[1]: 172 
candidate[2] 11[1]: 412 36[3]: 140 562 576 
candidates[3] 5[1]: 354 8[1]: 584 36[4]: 164 324 399 658 
cannon[1] 27[1]: 235 
cannot[2] 6[1]: 565 19[1]: 259 
canplay[1] 32[1]: 385 
cant[3] 6[1]: 355 27[1]: 562 28[2]: 174 246 
capabilities[4] 2[1]: 512 4[2]: 835 845 10[1]: 395 33[1]: 138 
capable[2] 10[1]: 368 11[1]: 584 
capacitance[1] 33[1]: 183 
capacitor[1] 33[1]: 129 
capacitors[1] 33[3]: 36 89 111 
cape[1] 2[5]: 275 280 299 322 365 
capture[4] 10[2]: 6 74 28[1]: 225 31[1]: 21 39[1]: 473 
captured[1] 31[2]: 253 279 
captures[1] 19[2]: 4 16 
car[1] 33[1]: 475 
carbon[9] 0[1]: 686 10[9]: 7 20 75 136 171 216 254 291 371 30[2]: 248 482 31[7]: 9 129 294 366 375 388 538 32[1]: 113 33[3]: 60 211 269 35[9]: 34 101 220 399 408 436 449 463 522 38[1]: 401 39[12]: 0 40 98 164 180 220 275 278 364 380 392 417 
cardiovascular[1] 16[1]: 152 
careful[1] 12[1]: 417 
carefully[1] 19[1]: 715 
cargo[1] 0[6]: 15 156 218 478 624 744 
carolina[1] 35[1]: 14 
carpets[1] 33[1]: 225 
carried[3] 6[1]: 222 19[1]: 728 38[1]: 238 
carrier[1] 23[1]: 32 
carriers[1] 28[3]: 155 317 333 
carries[2] 29[1]: 101 38[1]: 292 
carry[2] 1[1]: 466 10[1]: 86 
carrying[2] 0[1]: 741 1[1]: 29 
cary[1] 33[1]: 290 
case[8] 7[1]: 370 17[1]: 238 21[1]: 171 23[3]: 334 354 391 26[1]: 608 27[1]: 147 31[3]: 35 78 325 36[1]: 645 
cases[2] 0[2]: 109 767 27[1]: 432 
cash[1] 20[1]: 282 
cast[1] 17[1]: 467 
catalyst[2] 35[5]: 411 457 550 568 593 39[1]: 265 
catalysts[1] 35[3]: 395 517 545 
catalytic[2] 35[1]: 467 39[1]: 444 
catalytically[1] 39[1]: 202 
catching[1] 31[1]: 271 
catecholamineinduced[1] 16[1]: 483 
catecholamines[1] 16[2]: 411 444 
cause[3] 16[3]: 5 123 532 22[1]: 202 32[1]: 397 
caused[1] 9[2]: 299 357 
causes[4] 13[1]: 484 15[1]: 361 19[2]: 96 531 34[1]: 356 
cautions[1] 6[1]: 552 
cava[1] 20[1]: 209 
cavity[1] 39[1]: 209 
cbe[1] 19[1]: 265 
cdma[1] 26[1]: 70 
cell[8] 10[2]: 230 388 11[8]: 61 377 447 507 526 657 665 701 15[1]: 38 27[1]: 379 28[3]: 179 453 485 30[1]: 117 35[1]: 174 37[2]: 461 518 
cells[10] 10[1]: 350 11[7]: 7 75 110 131 392 556 747 14[1]: 399 15[6]: 10 77 89 201 240 459 16[3]: 432 461 524 30[1]: 465 33[1]: 519 35[2]: 54 151 36[1]: 642 37[1]: 305 
cellular[3] 10[1]: 83 15[4]: 101 382 388 415 28[2]: 261 292 
celsius[2] 8[1]: 362 35[1]: 286 
censorship[1] 27[1]: 285 
cent[1] 14[1]: 146 
centauri[1] 8[1]: 516 
center[9] 0[3]: 67 386 428 1[1]: 222 5[3]: 53 112 177 7[3]: 202 278 652 8[1]: 395 10[1]: 232 11[4]: 15 20 154 638 13[2]: 70 99 34[1]: 278 
centered[1] 7[1]: 552 
central[3] 5[1]: 274 7[1]: 241 10[1]: 32 
centre[3] 12[1]: 170 18[1]: 506 19[1]: 832 
century[2] 12[1]: 31 13[1]: 53 
ceo[4] 4[1]: 160 24[2]: 201 205 25[6]: 24 208 234 330 344 368 26[1]: 237 
certain[4] 4[1]: 122 10[1]: 114 16[1]: 73 37[2]: 136 176 
certainly[4] 4[1]: 630 24[2]: 167 304 25[2]: 324 362 30[1]: 380 
certification[1] 4[1]: 128 
cfa[1] 5[3]: 115 394 677 
cfd[1] 35[1]: 23 
ch[1] 35[1]: 404 
chabad[1] 9[2]: 51 172 
chain[1] 19[1]: 157 
chairman[3] 23[1]: 521 25[2]: 13 26 26[1]: 235 
chairs[1] 12[1]: 481 
challenge[4] 1[1]: 394 9[1]: 94 10[1]: 296 33[1]: 531 
challenges[3] 4[1]: 735 9[2]: 186 201 39[1]: 52 
challenging[1] 0[1]: 754 
chamber[2] 28[3]: 307 337 361 35[5]: 283 309 330 365 387 
chance[3] 5[1]: 95 9[1]: 116 15[1]: 449 
chances[1] 30[1]: 383 
chandra[1] 5[4]: 1 12 185 573 
chandras[1] 5[1]: 532 
change[6] 1[2]: 26 115 3[1]: 120 8[1]: 654 13[2]: 23 214 18[3]: 89 414 483 39[1]: 36 
changed[3] 3[1]: 190 17[1]: 328 39[2]: 3 105 
changes[6] 1[1]: 138 3[1]: 107 4[2]: 140 436 10[1]: 478 15[2]: 86 386 18[1]: 370 
changing[1] 1[1]: 111 
characteristic[2] 17[2]: 71 293 27[1]: 188 
characteristics[4] 6[1]: 177 15[1]: 29 30[1]: 45 32[1]: 220 
characterize[1] 36[1]: 558 
characterizing[1] 32[1]: 548 
charge[5] 9[4]: 149 331 427 468 21[1]: 414 33[2]: 448 460 36[5]: 332 358 368 405 419 37[3]: 2 21 322 
charged[2] 9[6]: 289 322 351 407 494 577 35[6]: 64 302 313 355 373 380 
chargedischarge[1] 33[1]: 137 
charges[4] 9[1]: 334 20[2]: 393 444 27[2]: 60 73 28[1]: 103 
chart[1] 22[1]: 387 
charter[1] 26[1]: 394 
chat[1] 27[1]: 465 
chavi[1] 11[1]: 159 
cheap[1] 25[1]: 588 
cheaper[1] 21[1]: 679 
cheapo[1] 21[1]: 619 
check[2] 9[1]: 241 28[1]: 387 
checkered[1] 24[2]: 18 514 
chemical[5] 16[1]: 469 19[1]: 741 31[1]: 339 36[5]: 191 226 257 301 382 39[6]: 30 83 124 218 326 477 
chemically[2] 32[1]: 115 39[2]: 65 171 
chemist[1] 33[1]: 51 
chemistry[3] 33[1]: 281 36[1]: 255 39[2]: 95 142 
chen[1] 20[1]: 431 
chew[1] 17[1]: 272 
chewing[1] 17[1]: 304 
chicken[1] 32[1]: 120 
chief[1] 26[1]: 505 
child[1] 19[1]: 377 
children[2] 19[1]: 117 22[3]: 161 405 462 
chile[1] 8[1]: 710 
chinook[1] 13[2]: 11 44 
chip[2] 33[1]: 246 38[4]: 153 320 427 503 
choice[2] 29[1]: 302 36[1]: 428 
choices[1] 29[1]: 167 
choose[1] 35[1]: 493 
chosen[1] 23[2]: 338 349 
chrome[1] 35[1]: 297 
chromium[1] 35[5]: 65 268 485 536 644 
chromosome[1] 16[1]: 511 
chronic[1] 16[4]: 136 161 190 201 
circuit[1] 33[1]: 384 
circuits[1] 32[1]: 140 
circular[1] 1[1]: 382 
circulation[1] 18[1]: 449 
cited[1] 29[3]: 418 435 518 
citrix[1] 24[1]: 176 
city[2] 20[1]: 381 28[1]: 81 
citys[1] 20[1]: 87 
claims[2] 23[1]: 194 24[1]: 257 
clamp[1] 32[1]: 440 
clarity[1] 28[1]: 390 
clark[1] 19[1]: 497 
class[1] 8[2]: 5 24 
classes[1] 9[1]: 196 
classic[1] 16[1]: 413 
classified[1] 8[1]: 326 
classroom[1] 9[1]: 268 
clay[1] 2[1]: 238 
clean[1] 1[1]: 183 
clear[4] 5[1]: 536 18[1]: 394 22[1]: 425 35[2]: 7 105 
clearly[1] 18[1]: 473 
climate[4] 1[3]: 16 25 114 10[1]: 36 13[2]: 22 213 18[3]: 88 413 482 
climbed[1] 2[1]: 380 
clinical[2] 12[2]: 69 244 19[2]: 380 430 
close[5] 5[1]: 91 8[1]: 80 9[1]: 157 23[2]: 73 220 29[1]: 282 
closely[1] 16[1]: 13 
closelyspaced[1] 30[1]: 89 
closer[3] 7[1]: 405 8[1]: 569 38[1]: 110 
closest[1] 8[3]: 498 510 574 
closing[1] 22[1]: 218 
cloud[2] 21[1]: 440 25[1]: 78 
clouds[2] 6[1]: 17 34[6]: 185 205 305 317 334 406 
club[1] 4[1]: 22 
clue[1] 5[1]: 699 
clues[2] 3[1]: 78 15[1]: 55 
clumps[1] 3[1]: 299 
clumpy[1] 3[1]: 176 
cm[1] 9[1]: 623 
cmes[1] 6[1]: 141 
cnet[3] 20[3]: 30 170 242 21[1]: 96 28[2]: 11 35 
cnets[2] 20[1]: 347 26[1]: 614 
co[1] 31[1]: 92 
coast[1] 6[1]: 20 
coat[3] 11[2]: 336 491 19[7]: 46 297 518 564 633 719 786 33[1]: 164 
coated[1] 35[1]: 162 
coating[2] 11[2]: 41 242 37[1]: 427 
coatings[1] 35[2]: 43 57 
coats[3] 11[1]: 313 19[2]: 205 699 33[1]: 355 
coauthor[6] 5[2]: 389 673 7[1]: 613 10[1]: 340 14[1]: 264 17[1]: 422 35[1]: 123 
coauthors[2] 17[1]: 172 32[1]: 180 
code[1] 15[1]: 121 
coding[1] 15[1]: 178 
cofounded[1] 14[1]: 356 
cohen[1] 27[1]: 601 
cold[2] 13[1]: 453 33[1]: 156 
coldest[1] 8[4]: 23 148 343 633 
coleman[1] 9[2]: 371 503 
colemans[1] 9[1]: 542 
collaboration[7] 4[1]: 81 7[1]: 660 9[1]: 685 30[2]: 17 401 34[1]: 448 37[1]: 503 39[1]: 452 
collaborative[1] 18[1]: 499 
collaborator[1] 10[1]: 221 
collaborators[1] 7[1]: 680 
colleagues[7] 3[1]: 467 10[1]: 356 11[1]: 633 13[1]: 165 17[2]: 386 558 19[1]: 316 31[1]: 76 
collect[1] 28[3]: 511 609 655 
collected[2] 3[2]: 19 146 28[1]: 404 
collecting[1] 1[1]: 14 
collections[1] 17[1]: 515 
collective[2] 9[1]: 19 34[1]: 324 
college[2] 19[3]: 151 276 405 27[1]: 571 
collegiate[1] 17[1]: 239 
collide[2] 5[1]: 448 35[1]: 513 
collision[2] 3[1]: 225 5[1]: 381 
collisions[2] 3[1]: 266 5[1]: 655 
colo[2] 1[1]: 171 13[1]: 227 
colon[1] 20[2]: 122 141 
color[1] 21[1]: 578 
colorado[1] 32[1]: 46 
colorfully[1] 27[1]: 229 
combination[2] 0[1]: 692 30[1]: 434 
combine[1] 33[1]: 27 
combined[4] 0[1]: 646 10[1]: 416 13[1]: 188 37[1]: 186 
combining[2] 0[1]: 661 30[2]: 59 215 
comcast[1] 26[1]: 390 
come[7] 0[2]: 668 709 6[1]: 52 12[1]: 137 21[1]: 350 24[1]: 237 30[1]: 316 35[1]: 477 
comerford[1] 5[1]: 563 
comes[3] 2[1]: 606 21[1]: 652 25[1]: 397 
coming[4] 0[2]: 264 453 6[1]: 562 9[1]: 533 25[1]: 430 
commanding[1] 29[1]: 104 
comment[3] 20[2]: 153 164 23[1]: 170 26[1]: 617 
commented[3] 4[1]: 724 9[1]: 447 18[1]: 359 
comments[1] 9[1]: 711 
commercial[4] 0[3]: 152 160 473 4[2]: 34 51 27[1]: 217 31[1]: 158 
commission[1] 23[1]: 418 
commissioner[1] 23[1]: 553 
common[4] 5[1]: 344 14[1]: 200 22[1]: 201 29[2]: 394 439 
commonly[1] 22[1]: 14 
commonplace[1] 27[1]: 428 
communication[4] 9[1]: 739 27[1]: 453 30[1]: 136 34[4]: 10 27 518 526 
communications[5] 2[1]: 569 23[1]: 417 26[4]: 73 384 395 429 30[3]: 15 57 85 36[1]: 248 
community[2] 9[1]: 24 14[1]: 635 
communitys[1] 18[1]: 524 
compact[1] 4[1]: 288 
companies[6] 0[1]: 142 4[2]: 35 52 23[2]: 285 295 26[9]: 154 184 381 418 446 463 485 547 598 28[2]: 1 498 30[1]: 369 
companion[2] 9[1]: 264 30[1]: 298 
company[7] 0[1]: 105 14[1]: 355 20[2]: 49 194 23[5]: 62 186 209 269 409 25[1]: 96 26[6]: 12 162 171 365 388 583 29[3]: 26 304 346 
companys[2] 26[4]: 234 242 504 518 28[1]: 187 
comparable[1] 18[1]: 258 
comparative[1] 17[1]: 641 
compare[2] 3[1]: 361 22[1]: 454 
compared[5] 8[1]: 659 11[1]: 283 14[1]: 430 24[1]: 428 31[1]: 436 
comparing[2] 18[1]: 149 31[1]: 96 
comparison[4] 8[1]: 507 17[1]: 587 31[1]: 359 36[1]: 519 
compelling[2] 4[1]: 720 24[1]: 339 
competition[2] 9[3]: 39 113 182 23[2]: 130 549 
competitive[1] 25[1]: 582 
competitors[2] 13[1]: 491 21[1]: 512 
complaint[2] 20[1]: 197 26[1]: 410 
complement[2] 10[1]: 404 36[1]: 663 
complete[2] 4[1]: 403 17[1]: 512 
completed[3] 2[1]: 533 11[1]: 463 33[1]: 382 
completely[4] 12[1]: 399 15[1]: 404 17[1]: 259 38[2]: 6 260 
completes[1] 4[1]: 641 
complex[4] 1[1]: 309 11[1]: 653 16[1]: 468 17[1]: 811 
compliance[1] 22[1]: 509 
complicate[1] 13[1]: 382 
component[4] 2[1]: 492 10[1]: 286 34[1]: 24 38[1]: 200 
composite[1] 31[3]: 137 403 451 
composites[1] 31[1]: 471 
composition[2] 2[2]: 123 421 19[1]: 293 
compositional[1] 2[1]: 27 
compound[1] 36[1]: 466 
compounds[2] 10[1]: 211 36[3]: 180 299 563 
comprehensively[1] 15[1]: 394 
computation[1] 36[1]: 271 
computational[1] 36[1]: 155 
computationally[1] 6[1]: 629 
computer[7] 3[2]: 370 513 20[1]: 363 27[2]: 77 430 28[1]: 67 36[1]: 546 37[1]: 119 38[6]: 44 65 99 114 170 203 
computers[4] 27[2]: 445 494 37[1]: 124 38[2]: 32 283 39[1]: 296 
computing[2] 24[6]: 259 296 301 406 422 454 25[1]: 79 
concave[1] 39[1]: 168 
conceive[1] 19[1]: 260 
conceiving[1] 19[1]: 375 
concentrated[1] 30[1]: 243 
concentration[1] 19[1]: 643 
concept[2] 0[1]: 403 37[1]: 68 
concepts[1] 0[1]: 699 
conceptual[1] 16[1]: 254 
concerned[2] 22[1]: 511 26[1]: 586 
concerns[2] 23[2]: 542 563 29[1]: 519 
concert[2] 3[1]: 428 17[2]: 155 785 
conclusive[1] 7[1]: 569 
condense[1] 3[1]: 459 
condition[1] 22[1]: 13 
conditions[8] 1[1]: 119 2[1]: 245 10[1]: 194 16[1]: 176 27[1]: 458 28[1]: 427 31[1]: 486 33[2]: 157 514 
conducted[4] 9[1]: 57 28[1]: 46 29[1]: 177 34[2]: 299 446 
conducting[1] 34[1]: 490 
conductive[1] 33[1]: 347 
conductivity[1] 32[1]: 252 
conference[2] 25[1]: 74 28[1]: 671 
confident[1] 21[1]: 145 
confirm[3] 7[1]: 627 8[1]: 598 20[1]: 2 
confirmation[1] 2[1]: 143 
confirmed[3] 8[1]: 441 19[1]: 483 20[1]: 15 
conform[1] 32[1]: 97 
congenital[1] 16[1]: 535 
connect[1] 28[1]: 314 
connected[2] 29[2]: 173 180 34[1]: 143 
connection[3] 9[1]: 707 28[3]: 262 271 293 34[1]: 130 
connections[2] 9[1]: 721 27[3]: 306 331 344 
connectivity[1] 4[1]: 604 
consecutive[1] 18[1]: 101 
consensual[1] 20[1]: 253 
consent[1] 19[1]: 709 
consequences[2] 6[1]: 150 16[1]: 390 
conserve[1] 38[1]: 223 
consider[1] 30[1]: 370 
considerably[1] 25[1]: 523 
consideration[1] 29[1]: 261 
considered[3] 30[1]: 505 32[1]: 14 36[1]: 297 
considering[1] 29[2]: 274 290 
consistent[1] 12[1]: 273 
consistently[2] 14[2]: 60 236 21[1]: 237 
consists[2] 32[1]: 107 34[1]: 211 
consortia[1] 10[1]: 400 
conspiracy[1] 27[1]: 75 
constantly[1] 6[1]: 397 
constellation[1] 7[1]: 57 
construct[1] 38[1]: 167 
constructing[1] 22[1]: 318 
construction[1] 22[1]: 358 
consume[1] 37[1]: 347 
consumed[1] 7[1]: 134 
consumer[1] 25[3]: 270 282 305 
consumers[3] 21[2]: 477 527 23[1]: 135 29[5]: 83 317 397 404 433 
contact[1] 27[1]: 618 
contacted[2] 20[1]: 217 26[1]: 604 
contacting[1] 27[1]: 516 
contain[1] 33[1]: 248 
container[2] 1[1]: 157 39[1]: 76 
containers[1] 34[1]: 313 
containing[1] 5[1]: 288 
contains[1] 35[1]: 310 
contemporary[1] 12[1]: 297 
context[1] 24[1]: 212 
continue[2] 1[1]: 13 8[1]: 285 
continued[3] 2[1]: 540 7[1]: 516 22[1]: 408 
continues[4] 1[1]: 123 12[1]: 251 29[1]: 133 36[1]: 67 
continuing[1] 31[1]: 480 
continuous[2] 1[1]: 486 3[1]: 524 
contraceptive[1] 19[2]: 130 526 
contradictory[1] 32[1]: 300 
contraire[1] 29[1]: 48 
contrast[4] 7[1]: 400 29[1]: 222 35[1]: 196 38[1]: 62 
contrasts[1] 3[1]: 562 
contribute[2] 1[1]: 494 26[1]: 300 
contributed[1] 26[1]: 284 
contributing[1] 30[1]: 202 
contribution[1] 6[1]: 621 
control[4] 1[1]: 277 25[1]: 255 34[2]: 191 259 35[1]: 1 
controversial[1] 25[1]: 57 
conversation[1] 27[1]: 502 
convert[1] 37[1]: 92 
cool[1] 8[3]: 31 198 328 
cooled[1] 3[1]: 218 
cooler[2] 8[2]: 351 420 13[1]: 318 
coolest[1] 8[1]: 4 
coordinating[1] 27[1]: 479 
coordinator[1] 9[1]: 170 
copenhagen[1] 34[1]: 289 
copper[1] 33[1]: 318 
copps[1] 23[1]: 555 
copy[1] 20[1]: 147 
cores[1] 8[1]: 175 
cornell[1] 2[1]: 115 
coronal[1] 6[1]: 138 
corp[2] 1[1]: 168 7[1]: 674 
corporation[2] 0[1]: 93 35[1]: 25 
corporations[1] 26[1]: 278 
corralled[1] 7[1]: 302 
correct[3] 17[1]: 418 19[1]: 489 38[1]: 92 
corrected[1] 17[1]: 453 
correctly[1] 28[1]: 520 
correlated[2] 11[1]: 593 34[2]: 154 345 
corresponding[1] 19[1]: 491 
cortex[1] 22[1]: 248 
cosenior[1] 11[2]: 147 306 
cosmic[2] 5[1]: 143 7[1]: 27 
cost[2] 0[3]: 116 187 274 24[3]: 262 336 389 
costs[2] 24[1]: 76 25[1]: 557 
could[27] 0[9]: 80 260 303 369 463 516 538 644 884 2[2]: 166 488 4[2]: 524 540 5[1]: 638 6[2]: 49 100 9[2]: 253 571 11[3]: 50 55 531 13[3]: 2 25 38 14[1]: 470 16[2]: 66 77 18[1]: 440 19[2]: 88 119 20[1]: 172 21[3]: 207 249 601 23[3]: 15 238 368 26[1]: 322 27[1]: 442 28[2]: 112 459 29[2]: 210 347 30[2]: 3 306 31[1]: 145 32[1]: 127 34[2]: 11 566 36[1]: 109 37[4]: 7 55 321 373 38[6]: 66 79 101 103 421 485 39[2]: 111 284 
council[1] 12[1]: 496 
counsel[1] 27[1]: 599 
counterelectrode[1] 33[1]: 367 
counterparts[1] 4[1]: 225 
countrys[1] 27[1]: 283 
county[1] 20[1]: 388 
coupled[1] 38[3]: 124 258 353 
couples[1] 19[4]: 111 361 369 427 
courageous[1] 14[1]: 619 
course[5] 4[1]: 198 13[1]: 332 14[1]: 549 22[2]: 61 343 39[1]: 187 
court[4] 2[1]: 86 23[2]: 196 397 26[1]: 41 27[3]: 140 160 356 
courtappointed[1] 27[1]: 121 
courtroom[1] 27[2]: 39 389 
courts[1] 25[1]: 465 
cover[1] 10[1]: 26 
coverage[1] 28[2]: 487 507 
covered[1] 33[1]: 352 
covering[2] 11[2]: 338 343 19[1]: 472 
cowles[1] 17[1]: 237 
coworkers[1] 6[1]: 254 
cpu[1] 6[1]: 645 
craft[1] 0[4]: 399 683 713 795 
crater[1] 2[5]: 8 53 80 384 526 
craters[1] 2[2]: 89 260 
crazy[1] 28[1]: 148 
create[10] 4[1]: 770 7[1]: 338 9[1]: 146 11[3]: 64 251 439 13[1]: 472 21[1]: 613 32[1]: 560 34[1]: 197 35[2]: 406 635 37[1]: 188 
created[6] 3[1]: 13 11[1]: 308 25[1]: 605 33[1]: 19 37[2]: 65 196 39[1]: 276 
creates[1] 39[1]: 345 
creating[6] 3[1]: 272 9[1]: 327 16[1]: 476 32[1]: 210 35[4]: 194 324 350 639 38[1]: 518 
creation[1] 33[1]: 63 
creativity[1] 9[1]: 737 
creek[1] 13[2]: 175 429 
creeks[1] 13[1]: 266 
crew[2] 4[2]: 297 619 9[1]: 482 
crime[1] 27[1]: 431 
criminal[2] 20[1]: 392 27[1]: 59 
criteria[1] 38[1]: 208 
critical[6] 1[1]: 15 2[1]: 491 22[1]: 241 28[1]: 252 32[1]: 610 33[1]: 528 
criticism[1] 25[1]: 227 
criticized[1] 26[1]: 500 
critics[1] 29[2]: 12 65 
crn[1] 24[1]: 86 
crowdsource[1] 25[1]: 479 
crucial[3] 14[1]: 271 18[1]: 82 30[1]: 41 
crystal[2] 36[1]: 536 37[2]: 105 146 
crystals[1] 37[1]: 156 
ct[1] 17[1]: 355 
cu[1] 32[1]: 410 
cuboulder[1] 32[5]: 83 157 185 305 495 
culmination[1] 19[1]: 305 
cultivated[1] 10[1]: 310 
cupertino[1] 28[2]: 188 674 
curb[1] 27[1]: 418 
curious[1] 34[1]: 107 
curl[1] 35[1]: 608 
curling[1] 35[1]: 79 
current[7] 9[1]: 222 12[1]: 104 14[1]: 480 23[1]: 126 29[1]: 450 31[1]: 104 37[1]: 335 
currently[7] 4[1]: 304 19[1]: 258 26[2]: 177 442 30[1]: 504 31[2]: 57 304 36[1]: 532 37[1]: 240 
cushing[1] 8[2]: 445 543 
customers[2] 21[1]: 301 29[1]: 117 
customized[2] 14[1]: 439 22[1]: 472 
cut[2] 2[1]: 330 15[2]: 223 358 
cutting[2] 15[3]: 235 250 298 33[1]: 550 
cycle[2] 10[1]: 292 24[1]: 130 
cycles[2] 6[1]: 646 10[1]: 37 
cycling[1] 33[1]: 463 
