d[1] 22[1]: 70 
daily[1] 7[1]: 486 
damage[1] 16[7]: 9 45 125 167 206 247 518 
dams[1] 13[1]: 181 
dangerfield[1] 20[2]: 70 156 
danish[1] 34[1]: 274 
dark[3] 6[1]: 123 8[1]: 39 10[4]: 120 175 261 289 
data[10] 1[5]: 17 126 478 491 504 4[4]: 658 695 741 785 5[1]: 574 7[1]: 565 8[3]: 12 273 292 21[2]: 355 401 26[1]: 137 28[7]: 266 267 395 513 550 555 611 34[1]: 21 39[1]: 298 
date[4] 2[1]: 230 8[1]: 309 20[2]: 323 341 27[1]: 161 
dating[1] 20[1]: 449 
dave[1] 2[1]: 586 
david[5] 7[1]: 79 10[1]: 463 13[2]: 157 221 14[1]: 364 26[1]: 508 
davis[1] 13[4]: 62 107 161 168 
davy[1] 8[1]: 382 
dawned[1] 17[1]: 478 
day[5] 0[1]: 240 6[1]: 66 14[1]: 214 20[1]: 199 32[1]: 129 
daybyday[1] 30[1]: 337 
days[4] 6[1]: 491 14[1]: 139 25[2]: 85 396 27[1]: 103 
dc[1] 23[1]: 346 
ddos[1] 27[3]: 86 227 480 
deaconess[1] 11[1]: 18 
deal[1] 23[8]: 5 76 103 127 326 403 546 566 
dean[2] 22[1]: 256 31[1]: 322 
death[2] 7[1]: 496 21[1]: 165 
debated[1] 6[1]: 194 
debut[1] 29[1]: 148 
decade[1] 8[1]: 48 
decades[2] 0[3]: 84 433 454 13[1]: 286 
decembers[1] 27[1]: 82 
decide[1] 23[1]: 479 
decided[2] 20[1]: 440 36[1]: 151 
decidedly[1] 17[1]: 594 
decipher[1] 10[1]: 392 
decision[2] 2[1]: 359 23[1]: 470 
declan[1] 28[1]: 37 
declaration[1] 21[1]: 150 
declined[2] 20[1]: 151 23[1]: 168 
decompose[1] 17[1]: 810 
dedicated[1] 4[1]: 202 
deduced[1] 19[1]: 663 
deep[2] 6[1]: 202 10[3]: 302 374 449 
deepdive[1] 24[1]: 51 
deeply[1] 33[1]: 72 
defect[1] 39[1]: 348 
defects[2] 15[2]: 271 292 16[1]: 536 
defendants[2] 26[2]: 55 605 27[6]: 69 118 123 420 493 512 
defense[2] 27[1]: 598 32[1]: 507 
defies[1] 32[1]: 366 
defined[2] 15[1]: 227 38[1]: 342 
defining[1] 19[1]: 506 
definition[1] 36[1]: 44 
definitively[1] 8[1]: 597 
deform[1] 17[1]: 416 
deformation[1] 17[2]: 421 569 
degradation[1] 16[2]: 484 506 
degrees[3] 7[1]: 321 8[2]: 359 361 35[1]: 285 
degroote[1] 12[1]: 86 
delamination[1] 31[1]: 424 
delaware[1] 10[1]: 474 
deleted[1] 20[1]: 142 
deleterious[1] 16[1]: 388 
deleting[1] 27[1]: 495 
delicate[1] 19[1]: 722 
deliver[3] 0[1]: 215 21[1]: 544 24[1]: 254 
delivered[1] 2[1]: 338 
delivers[1] 19[1]: 588 
delivery[1] 14[3]: 87 269 489 
dell[2] 19[1]: 264 26[1]: 33 
delta[1] 1[3]: 288 294 372 
demand[2] 0[4]: 269 294 313 821 13[1]: 339 
demise[1] 21[1]: 160 
demo[1] 29[1]: 381 
democratic[1] 23[1]: 551 
demonstrated[2] 11[1]: 26 37[1]: 462 
demonstrates[1] 39[1]: 424 
denialofservice[1] 27[1]: 84 
denmark[1] 18[1]: 76 
dennis[1] 22[1]: 252 
dense[1] 33[1]: 218 
department[12] 6[1]: 541 10[1]: 157 12[1]: 289 17[1]: 368 18[1]: 44 19[3]: 270 399 825 20[2]: 66 128 23[13]: 43 98 108 145 180 318 378 395 407 448 467 500 531 27[1]: 436 30[1]: 393 31[1]: 68 32[2]: 160 200 
departments[1] 27[1]: 592 
depend[1] 0[1]: 30 
depends[1] 35[1]: 546 
depict[1] 3[1]: 573 
deployments[1] 24[3]: 270 415 476 
deposition[1] 33[1]: 374 
depth[1] 22[1]: 71 
depths[3] 6[1]: 244 10[2]: 3 73 12[1]: 272 
deputy[3] 0[1]: 383 2[1]: 346 27[2]: 384 407 
der[1] 32[1]: 427 
derek[1] 16[1]: 212 
derived[1] 14[1]: 371 
described[2] 16[1]: 492 32[1]: 486 
describes[1] 32[1]: 341 
describing[4] 8[2]: 439 464 13[1]: 110 35[1]: 127 36[1]: 238 
desertbased[1] 33[1]: 517 
design[5] 0[3]: 635 657 777 9[1]: 93 11[3]: 32 51 710 19[1]: 523 36[1]: 595 
designed[5] 0[2]: 193 721 9[1]: 44 13[1]: 371 14[1]: 483 28[2]: 340 384 
designers[2] 0[1]: 693 28[1]: 409 
desirable[2] 11[1]: 5 38[2]: 367 393 
desired[1] 15[1]: 303 
desktop[1] 24[17]: 1 13 31 37 44 65 69 163 235 269 313 350 396 414 449 474 500 
desktops[1] 24[1]: 246 
despite[2] 10[1]: 63 24[1]: 309 
destination[1] 2[1]: 376 
destinations[1] 0[1]: 746 
destined[1] 0[1]: 727 
destroyed[1] 38[1]: 198 
destroys[1] 15[1]: 273 
detail[2] 3[1]: 45 7[1]: 1 
detailed[1] 9[1]: 546 
details[4] 3[2]: 27 251 6[1]: 191 10[1]: 98 19[1]: 232 
detained[1] 27[1]: 260 
detect[3] 5[1]: 190 6[1]: 80 17[1]: 852 
detectable[1] 6[1]: 408 
detected[2] 6[1]: 581 7[1]: 470 
detection[2] 6[2]: 351 666 14[1]: 187 
detectors[1] 7[1]: 172 
determined[2] 27[1]: 208 36[1]: 350 
determining[1] 15[1]: 167 
detonation[1] 0[1]: 678 
detrimental[1] 32[1]: 387 
deutsche[1] 23[1]: 63 
develop[5] 0[1]: 81 4[1]: 232 12[1]: 161 31[1]: 185 35[1]: 32 
developed[11] 1[1]: 453 12[4]: 17 27 178 380 13[1]: 219 14[1]: 347 15[1]: 155 17[1]: 150 24[1]: 42 31[1]: 5 34[1]: 378 36[1]: 80 37[1]: 41 
developing[3] 0[2]: 32 147 22[1]: 158 36[1]: 120 
development[9] 0[7]: 281 298 389 402 425 869 892 11[1]: 323 15[1]: 441 16[1]: 71 19[2]: 127 835 22[1]: 244 32[2]: 64 403 36[3]: 4 97 634 39[1]: 116 
develops[1] 39[1]: 356 
deviate[1] 17[2]: 613 624 
deviation[1] 17[1]: 574 
device[9] 4[1]: 792 20[2]: 263 300 21[2]: 84 308 28[4]: 24 93 135 299 30[1]: 112 32[1]: 398 33[2]: 39 257 37[1]: 227 38[1]: 494 
devices[8] 4[8]: 70 144 261 263 426 480 517 664 21[1]: 141 28[1]: 184 30[7]: 48 124 172 312 377 418 461 32[3]: 10 72 137 33[2]: 78 431 37[7]: 6 76 82 114 140 344 352 39[3]: 123 130 300 
devising[1] 32[1]: 224 
devoured[1] 7[1]: 7 
dhvi[1] 11[2]: 304 457 
diagnosing[1] 19[1]: 107 
dial[1] 27[1]: 323 
diameter[1] 39[2]: 228 510 
diamond[1] 38[7]: 131 359 391 405 407 442 501 
diamonds[1] 38[6]: 0 102 277 280 371 464 
did[8] 4[1]: 622 9[1]: 261 13[1]: 426 20[2]: 157 259 21[1]: 645 24[2]: 252 424 25[3]: 246 265 278 27[1]: 417 
didnt[9] 8[1]: 540 9[1]: 611 17[2]: 458 490 19[1]: 341 22[2]: 139 480 23[1]: 78 24[1]: 320 25[1]: 117 29[1]: 236 
died[1] 13[1]: 234 
diederichs[1] 15[3]: 127 202 419 
diego[2] 8[1]: 693 9[1]: 56 
dielectric[1] 33[2]: 167 360 
difference[1] 14[1]: 566 
differences[3] 2[1]: 28 6[1]: 443 17[1]: 815 
different[10] 0[1]: 112 2[1]: 99 4[1]: 841 9[1]: 443 11[1]: 215 13[1]: 201 14[1]: 441 17[1]: 260 28[2]: 526 529 38[7]: 7 69 82 148 207 261 313 
differentiating[1] 21[1]: 598 
differently[1] 4[1]: 507 
difficult[2] 5[2]: 357 515 19[1]: 324 
difficulttoinduce[1] 11[1]: 715 
digital[1] 17[2]: 351 444 
dignan[1] 21[1]: 88 
dimiter[1] 11[1]: 534 
dimitrov[1] 11[2]: 535 599 
dimming[1] 3[1]: 262 
dioxide[2] 10[1]: 76 35[1]: 256 
diplomatic[1] 25[1]: 241 
direct[1] 32[1]: 414 
directed[2] 7[1]: 341 36[1]: 267 
direction[2] 17[1]: 20 35[1]: 615 
directional[1] 17[4]: 4 188 722 793 
directions[2] 3[1]: 71 34[1]: 353 
directly[2] 14[1]: 293 34[1]: 142 
director[8] 8[1]: 119 10[1]: 224 11[3]: 150 454 676 12[1]: 81 13[1]: 96 16[1]: 216 34[1]: 271 37[1]: 489 
disappear[1] 34[1]: 360 
disappears[1] 34[1]: 390 
disappointed[1] 23[1]: 188 
disasters[1] 1[1]: 526 
discharge[1] 33[1]: 450 
discharged[1] 33[1]: 101 
discontinuous[1] 2[1]: 251 
discover[1] 39[1]: 9 
discovered[9] 5[1]: 15 8[2]: 21 559 10[1]: 265 12[1]: 188 15[1]: 12 16[1]: 398 19[4]: 153 234 283 623 30[1]: 39 32[1]: 286 
discoveries[2] 2[1]: 551 8[1]: 280 
discovering[2] 8[1]: 530 9[1]: 0 
discovers[1] 8[1]: 3 
discovery[6] 5[1]: 547 8[2]: 372 407 9[1]: 728 12[1]: 448 36[1]: 669 39[3]: 51 196 253 
discriminate[1] 17[2]: 18 824 
discussed[1] 25[1]: 77 
discussion[2] 24[1]: 197 25[1]: 54 
disease[2] 12[1]: 90 16[1]: 345 
diseaserelated[1] 16[1]: 146 
diseases[2] 11[1]: 647 16[2]: 336 374 
disillusionment[1] 24[1]: 139 
disk[2] 6[1]: 128 7[2]: 305 327 
dismissed[2] 17[1]: 389 29[1]: 11 
disorder[1] 22[2]: 151 184 
disorders[2] 16[2]: 75 153 22[1]: 286 
dispatch[1] 27[1]: 114 
dispersion[1] 31[1]: 490 
displays[3] 33[1]: 434 36[4]: 10 25 45 537 37[3]: 106 276 425 
disrupt[1] 27[1]: 313 
disrupted[2] 5[1]: 238 7[1]: 421 
disruption[1] 7[1]: 531 
distance[3] 6[2]: 477 482 8[1]: 86 34[2]: 122 139 
distances[1] 34[1]: 30 
distant[1] 7[3]: 4 125 510 
distinguished[1] 33[1]: 277 
distracted[1] 4[1]: 628 
distributed[1] 27[1]: 83 
distributing[1] 35[1]: 241 
distribution[1] 31[1]: 495 
district[2] 25[1]: 464 26[2]: 40 45 
disturbance[1] 5[1]: 612 
diverse[1] 3[1]: 537 
diversions[1] 13[1]: 290 
diversity[1] 2[1]: 161 
diverted[1] 13[1]: 270 
divest[1] 23[3]: 16 162 230 
division[2] 8[1]: 118 26[1]: 49 
divulge[1] 20[1]: 174 
dkfz[1] 15[1]: 137 
dna[4] 12[5]: 144 165 169 186 197 15[2]: 224 336 16[6]: 8 166 195 205 246 517 19[1]: 590 
dnadamaging[1] 16[1]: 389 
dnas[1] 12[1]: 280 
dntt[1] 36[1]: 280 
do[13] 0[1]: 760 4[4]: 423 590 705 762 5[1]: 469 8[1]: 208 10[2]: 116 246 13[1]: 133 14[1]: 554 15[5]: 27 35 40 119 262 25[2]: 49 157 27[1]: 549 28[2]: 120 210 29[3]: 280 348 462 36[1]: 213 
doctors[1] 22[1]: 216 
doe[1] 10[4]: 160 219 321 420 
does[8] 4[1]: 547 11[1]: 551 12[2]: 132 331 15[1]: 299 17[1]: 121 24[1]: 502 28[1]: 146 32[1]: 244 
doesnt[2] 21[1]: 449 28[1]: 329 
doing[2] 25[1]: 171 28[1]: 164 
doj[1] 23[1]: 7 
dollar[1] 25[1]: 589 
dollars[1] 24[1]: 361 
dominant[1] 29[1]: 122 
dominated[1] 5[1]: 277 
donald[1] 31[1]: 342 
donations[1] 27[1]: 98 
done[5] 4[1]: 185 9[2]: 255 665 25[5]: 220 320 358 379 384 33[1]: 396 34[1]: 373 
dont[10] 3[2]: 388 404 4[1]: 756 6[1]: 642 8[1]: 178 17[1]: 271 22[1]: 80 27[1]: 564 28[1]: 116 35[1]: 607 36[1]: 56 
door[2] 14[1]: 318 23[1]: 115 
doors[1] 12[1]: 451 
dopamine[1] 16[1]: 424 
doped[1] 33[1]: 340 
dormant[1] 7[1]: 127 
dose[1] 14[6]: 131 151 195 505 519 541 
doubled[1] 36[1]: 511 
doublelayer[1] 33[1]: 110 
doubt[1] 28[1]: 204 
down[10] 0[3]: 8 184 852 3[1]: 449 15[1]: 371 17[1]: 544 21[1]: 56 25[2]: 17 398 27[1]: 378 33[1]: 151 35[1]: 563 37[1]: 28 
download[1] 4[1]: 257 
downloaded[1] 4[1]: 476 
downloads[1] 4[1]: 760 
downward[1] 21[1]: 239 
dr[7] 14[7]: 249 328 358 363 446 545 627 15[1]: 125 18[4]: 30 37 57 356 19[1]: 393 30[1]: 279 35[1]: 108 39[2]: 134 242 
draco[1] 7[1]: 58 
dramatic[1] 30[1]: 327 
dramatically[3] 0[2]: 137 885 9[1]: 442 30[1]: 232 
draw[1] 9[1]: 365 
drawn[2] 17[1]: 579 35[3]: 376 482 533 
dream[1] 6[2]: 47 51 
dreamforce[1] 25[1]: 30 
dreams[1] 25[1]: 128 
drifted[1] 27[1]: 503 
drive[3] 11[1]: 135 21[1]: 441 36[1]: 42 
driven[2] 2[1]: 444 18[1]: 225 
driving[5] 0[1]: 7 7[1]: 350 11[1]: 744 26[1]: 247 29[2]: 186 352 
drop[1] 9[2]: 563 599 
droplet[1] 9[4]: 154 423 490 614 
droplets[1] 9[2]: 379 553 
drops[1] 9[3]: 70 130 412 
drove[1] 2[1]: 433 
drug[1] 12[2]: 240 382 
drugs[1] 12[1]: 23 
drummond[1] 26[2]: 509 552 
ds[1] 22[1]: 276 
dual[2] 5[1]: 194 7[1]: 339 
dualmode[1] 21[1]: 573 
dubbed[2] 5[1]: 314 39[1]: 382 
duckett[1] 16[1]: 213 
due[3] 5[1]: 581 30[1]: 145 38[1]: 331 
dug[1] 2[1]: 78 
duke[2] 11[4]: 12 94 171 300 16[2]: 20 267 
dulles[1] 7[1]: 676 
dumping[1] 13[1]: 457 
dunn[1] 32[1]: 195 
durable[2] 31[1]: 55 36[2]: 54 64 
during[9] 0[1]: 95 1[1]: 360 9[1]: 504 12[1]: 216 13[1]: 462 16[1]: 417 17[2]: 61 404 22[1]: 239 26[3]: 253 273 288 
dust[1] 5[1]: 509 
dwarf[1] 8[5]: 153 345 488 568 583 
dwarfs[1] 8[17]: 43 78 156 217 239 278 323 334 365 410 443 467 474 524 638 648 663 
dynamic[2] 18[1]: 401 21[1]: 394 
dynamics[1] 6[1]: 394 
dynamo[1] 6[1]: 214 
