each[9] 3[1]: 206 9[1]: 337 17[1]: 748 26[1]: 142 27[1]: 146 31[1]: 430 33[1]: 233 34[1]: 145 37[1]: 169 
eager[1] 36[1]: 627 
ear[1] 17[2]: 772 805 
earlier[5] 5[1]: 380 11[1]: 188 17[2]: 178 649 20[1]: 36 27[2]: 104 264 
earliest[1] 17[1]: 667 
early[11] 2[1]: 232 6[1]: 350 11[1]: 663 14[1]: 452 17[2]: 16 320 20[2]: 332 384 21[1]: 100 23[1]: 509 24[2]: 215 267 25[1]: 84 29[2]: 55 69 
earlystage[1] 14[1]: 536 
earning[1] 9[1]: 114 
earnings[1] 26[1]: 334 
ears[1] 17[1]: 738 
earth[9] 0[2]: 593 748 1[5]: 112 132 148 407 427 4[4]: 224 333 592 647 5[3]: 37 264 595 6[2]: 71 300 7[3]: 35 155 383 8[1]: 611 9[3]: 282 431 446 33[1]: 195 
earthbound[1] 9[1]: 653 
earthdirected[1] 6[1]: 575 
earthobserving[1] 1[2]: 2 67 
earthquake[1] 6[1]: 289 
earths[2] 1[1]: 60 10[1]: 29 
easier[2] 8[1]: 252 35[1]: 200 
easily[4] 0[1]: 591 14[1]: 438 36[1]: 366 38[1]: 197 
east[1] 18[1]: 465 
eastern[1] 26[1]: 44 
easy[2] 25[1]: 552 36[1]: 353 
easyontheeye[1] 21[1]: 587 
eating[2] 17[1]: 326 39[1]: 362 
ebooks[1] 21[1]: 386 
echoed[1] 9[1]: 541 
echolocate[1] 17[1]: 123 
echolocation[1] 17[4]: 37 97 157 204 
ecology[2] 12[1]: 369 17[1]: 248 
economically[1] 21[1]: 525 
ecosystem[1] 13[1]: 411 
edge[3] 2[1]: 320 28[1]: 531 33[1]: 551 
edition[2] 10[1]: 168 37[1]: 245 
editor[1] 20[1]: 429 
edlcs[1] 33[2]: 112 141 
edo[1] 7[1]: 602 
edt[1] 1[1]: 370 
education[1] 9[2]: 102 200 
edward[1] 18[2]: 31 357 
effect[5] 6[1]: 409 13[1]: 199 14[2]: 202 527 18[1]: 444 19[1]: 752 
effective[1] 12[1]: 114 
effectively[1] 30[1]: 242 
effects[3] 14[1]: 429 16[2]: 240 300 18[1]: 86 
efficiencies[1] 37[1]: 519 
efficiency[2] 30[3]: 179 273 309 37[2]: 273 390 
efficient[1] 0[1]: 902 
efficiently[1] 33[1]: 543 
effort[3] 0[1]: 397 30[1]: 398 33[1]: 284 
efforts[5] 1[1]: 498 10[1]: 417 13[1]: 383 31[1]: 13 36[1]: 272 
egg[1] 19[16]: 3 15 49 59 173 197 289 302 476 543 579 596 764 772 785 880 
eggs[1] 19[6]: 210 328 516 562 631 705 
eight[3] 14[3]: 137 143 499 27[1]: 383 31[3]: 50 406 420 
eighth[1] 8[1]: 505 
eink[1] 21[2]: 548 588 
einstein[1] 34[1]: 114 
either[2] 0[2]: 568 616 3[1]: 238 
ejected[1] 3[4]: 39 163 184 281 
ejections[1] 6[1]: 140 
electric[3] 30[2]: 108 236 33[2]: 109 474 35[2]: 315 326 
electrical[6] 30[1]: 205 32[3]: 145 249 580 33[1]: 331 34[1]: 571 36[2]: 303 331 37[1]: 36 
electricity[1] 37[2]: 101 484 
electrode[2] 33[2]: 319 378 35[3]: 273 303 314 
electrodes[2] 33[1]: 338 35[1]: 323 
electrolytes[1] 33[2]: 147 170 
electron[1] 39[2]: 455 501 
electronic[6] 30[2]: 417 440 32[1]: 136 33[1]: 442 36[1]: 124 37[3]: 75 113 403 39[1]: 129 
electronically[1] 27[1]: 215 
electronics[1] 30[1]: 368 
electrons[4] 9[1]: 323 30[1]: 151 33[1]: 186 35[4]: 344 352 361 370 
electrostatic[1] 9[2]: 403 426 
elementary[1] 30[1]: 115 
elements[1] 2[1]: 195 
elevation[1] 18[1]: 275 
eleven[1] 29[1]: 188 
ellen[1] 23[1]: 341 
else[1] 17[1]: 396 
embroiled[1] 26[1]: 448 
embryos[1] 16[1]: 463 
emerge[1] 0[1]: 261 
emerged[1] 12[1]: 247 
emergency[1] 1[1]: 519 
emerging[2] 6[3]: 229 240 583 10[1]: 101 
emission[1] 7[3]: 386 515 539 
emissions[1] 13[1]: 376 
emit[2] 8[1]: 209 34[1]: 349 
emitted[1] 3[1]: 246 
emitting[1] 5[1]: 204 
emphasize[1] 31[1]: 533 
emphasized[2] 0[1]: 584 10[1]: 462 
employed[1] 10[1]: 315 
employee[2] 25[1]: 521 28[1]: 129 
empty[1] 19[1]: 718 
enable[3] 4[1]: 242 19[2]: 805 875 31[2]: 192 283 
enabled[2] 4[1]: 88 26[1]: 200 
enabling[2] 10[1]: 127 19[1]: 55 
encoded[1] 12[1]: 196 
encourage[1] 26[1]: 561 
encourages[1] 6[1]: 610 
encouraging[1] 22[2]: 263 443 
end[2] 9[2]: 348 360 13[3]: 5 41 50 
endear[1] 27[1]: 192 
endeavour[2] 2[7]: 55 146 177 372 405 441 525 19[1]: 320 
endeavours[1] 2[1]: 228 
ended[2] 2[1]: 568 26[1]: 294 
ends[1] 15[2]: 247 342 
energetic[2] 3[1]: 34 5[1]: 525 
energies[2] 7[2]: 433 462 32[2]: 463 478 
energy[11] 0[1]: 338 3[1]: 244 7[1]: 437 10[4]: 159 214 276 485 13[2]: 338 369 24[1]: 392 31[5]: 23 217 251 277 285 32[2]: 310 340 33[5]: 7 67 125 422 536 36[2]: 170 648 37[4]: 73 333 379 525 
energyefficient[1] 32[1]: 564 
energyharvesting[1] 37[1]: 201 
energysaving[1] 37[1]: 417 
enforcement[1] 27[2]: 196 542 
engage[1] 4[2]: 456 815 
engine[1] 29[1]: 478 
engineer[2] 20[1]: 364 28[1]: 68 
engineered[2] 14[2]: 180 406 15[1]: 219 
engineering[7] 12[1]: 494 30[1]: 392 31[4]: 73 319 328 340 32[2]: 159 199 35[1]: 118 36[2]: 192 227 37[5]: 51 194 287 451 509 
engineers[3] 0[1]: 59 28[4]: 411 433 582 599 37[1]: 63 
engines[1] 0[2]: 562 679 
england[1] 32[1]: 536 
enhance[4] 4[1]: 832 14[1]: 408 33[1]: 345 36[1]: 309 
enhanced[3] 7[1]: 445 11[2]: 66 595 30[1]: 233 
enhancement[1] 30[2]: 68 254 
enjoyed[1] 22[1]: 65 
enjoys[1] 29[1]: 305 
enlist[1] 27[2]: 318 337 
enormous[1] 8[1]: 289 
enormously[1] 19[1]: 323 
enough[8] 0[2]: 364 638 3[1]: 147 6[1]: 644 7[1]: 70 17[1]: 752 21[2]: 146 536 29[2]: 385 509 36[1]: 469 
ensure[3] 1[1]: 484 28[1]: 309 35[1]: 72 
ensuring[1] 35[1]: 217 
entangled[1] 34[4]: 125 190 199 336 
entanglement[1] 34[10]: 36 41 61 87 104 291 302 358 385 401 
entered[1] 27[1]: 155 
enterprise[1] 24[2]: 97 482 
enterprises[1] 24[1]: 315 
entire[4] 4[1]: 776 8[2]: 93 316 28[1]: 479 33[1]: 85 
entirely[2] 9[1]: 633 33[1]: 171 
entirety[1] 16[1]: 50 
entrepreneurs[1] 25[1]: 151 
envelope[1] 11[15]: 43 105 271 287 367 370 406 435 441 500 521 548 695 730 737 
envelopebased[1] 11[1]: 582 
envelopeinduced[1] 11[1]: 626 
envelopes[1] 11[3]: 53 400 417 
environment[4] 4[2]: 45 683 7[1]: 396 13[1]: 65 18[1]: 402 
environmental[2] 1[3]: 89 446 489 10[1]: 193 
environments[4] 2[1]: 554 3[1]: 348 28[1]: 442 33[1]: 43 
envisioned[2] 0[1]: 73 33[1]: 472 
enzymes[1] 15[1]: 260 
episodically[1] 3[1]: 312 
epochs[1] 3[1]: 508 
epoxy[1] 31[2]: 410 467 
equally[1] 28[1]: 429 
equalsized[1] 5[1]: 216 
equipment[2] 4[2]: 203 498 28[1]: 580 
equipping[1] 37[1]: 80 
equivalent[1] 2[1]: 152 
era[2] 2[1]: 426 12[1]: 224 
eric[1] 25[2]: 14 334 
ericsson[1] 26[1]: 414 
ermine[1] 17[1]: 236 
escape[2] 7[1]: 348 37[1]: 181 
escobar[1] 13[1]: 155 
especially[2] 14[1]: 532 26[1]: 85 
essential[2] 2[1]: 495 13[1]: 431 
essentially[2] 25[1]: 108 33[1]: 385 
ester[1] 31[2]: 439 470 
estimate[1] 4[2]: 348 393 
estimated[1] 8[1]: 348 
estimates[2] 5[1]: 450 19[1]: 352 
etc[1] 28[1]: 533 
eugene[1] 34[2]: 267 581 
european[1] 18[1]: 523 
evaluate[1] 28[4]: 233 248 436 585 
evaluated[1] 14[1]: 496 
even[21] 0[2]: 311 576 6[1]: 13 8[1]: 564 9[1]: 7 11[1]: 413 12[1]: 438 13[1]: 494 16[2]: 180 288 18[1]: 148 21[1]: 285 23[1]: 386 27[1]: 402 28[3]: 131 168 576 29[1]: 516 30[3]: 277 384 449 31[2]: 275 433 32[2]: 29 102 33[1]: 226 34[1]: 131 35[1]: 368 39[1]: 469 
evenly[1] 35[1]: 244 
event[1] 7[3]: 120 149 580 
events[2] 11[1]: 139 19[1]: 222 
eventually[6] 5[1]: 492 16[1]: 163 20[1]: 439 21[1]: 517 36[1]: 203 37[1]: 397 
ever[4] 2[1]: 103 24[1]: 236 33[1]: 395 38[1]: 100 
every[3] 10[1]: 143 19[1]: 367 21[1]: 455 
everybody[1] 17[1]: 395 
everyday[1] 9[1]: 709 
everyone[1] 14[1]: 608 
evidence[4] 7[1]: 570 11[2]: 182 569 14[1]: 154 16[1]: 158 
evident[1] 18[1]: 380 
evla[1] 7[2]: 230 542 
evolution[2] 17[2]: 219 264 24[1]: 220 
evolutionary[2] 12[1]: 96 17[1]: 250 
evolved[1] 17[3]: 176 607 783 
evolving[1] 0[1]: 212 
exactly[4] 3[1]: 416 16[1]: 188 19[1]: 11 27[1]: 292 
examine[3] 2[1]: 361 8[1]: 287 27[1]: 491 
examined[1] 2[2]: 60 204 
examines[1] 7[1]: 209 
examining[1] 17[1]: 518 
example[9] 0[1]: 230 5[1]: 246 9[1]: 41 10[1]: 382 26[1]: 472 28[1]: 432 32[1]: 354 35[2]: 176 558 36[1]: 591 
excavated[1] 2[1]: 73 
excess[2] 3[1]: 435 35[1]: 521 
exchange[1] 26[1]: 135 
excited[4] 14[1]: 218 19[1]: 440 22[1]: 83 25[1]: 145 
excitement[1] 32[1]: 203 
excites[1] 35[1]: 332 
exciting[6] 2[1]: 520 9[1]: 80 19[1]: 212 30[1]: 348 32[1]: 17 39[1]: 107 
exclaimed[1] 9[1]: 501 
exclusive[1] 4[1]: 21 
execute[1] 38[1]: 55 
executive[2] 2[1]: 589 25[1]: 12 
exist[1] 18[1]: 308 
existed[3] 5[1]: 174 12[1]: 192 17[1]: 647 
existence[1] 3[1]: 96 
existing[2] 0[1]: 566 3[1]: 568 
exists[1] 10[1]: 50 
expand[1] 25[1]: 519 
expanded[1] 7[1]: 226 
expanding[1] 7[1]: 592 
expansion[2] 7[1]: 621 31[1]: 210 
expect[2] 4[2]: 757 763 22[1]: 140 
expectations[2] 9[1]: 549 24[1]: 147 
expected[7] 5[1]: 365 8[1]: 282 18[2]: 7 20 30[1]: 302 31[1]: 211 32[1]: 59 36[2]: 381 433 
expendable[1] 1[1]: 290 
expending[1] 36[1]: 166 
expenses[1] 26[1]: 309 
experience[4] 4[1]: 61 14[1]: 525 24[1]: 423 29[1]: 355 
experienced[3] 14[1]: 507 24[1]: 279 33[1]: 515 
experiment[5] 4[5]: 328 362 385 410 553 7[1]: 700 9[5]: 131 380 506 588 657 22[1]: 324 34[1]: 411 
experimental[2] 4[1]: 817 32[1]: 415 
experimenting[1] 19[1]: 175 
experiments[7] 3[1]: 374 4[1]: 309 9[1]: 10 22[1]: 374 32[2]: 86 226 34[5]: 71 174 249 300 493 38[1]: 382 
expert[2] 0[1]: 54 30[1]: 283 
experts[1] 23[1]: 255 
explain[1] 16[1]: 69 
explained[5] 3[1]: 560 5[1]: 640 7[1]: 398 10[1]: 342 28[1]: 274 
explaining[1] 15[1]: 421 
explains[4] 6[1]: 365 7[1]: 454 34[3]: 266 421 579 38[1]: 447 
explanation[1] 7[1]: 527 
explicit[1] 2[1]: 358 
exploit[1] 32[1]: 214 
exploited[1] 30[1]: 448 
exploiting[1] 32[1]: 554 
exploration[2] 2[2]: 40 593 7[1]: 695 
explore[3] 2[1]: 523 4[1]: 787 17[1]: 496 
explorer[1] 8[1]: 18 
explosion[1] 6[1]: 608 
explosive[1] 6[1]: 135 
exposed[1] 2[1]: 409 
exposures[1] 2[1]: 226 
express[1] 14[1]: 311 
expressed[2] 16[1]: 455 19[1]: 638 
expressing[1] 23[1]: 561 
expression[1] 14[2]: 80 173 
extended[2] 2[1]: 545 18[1]: 460 
extensively[1] 14[1]: 382 
external[2] 7[1]: 699 28[1]: 345 
extinct[1] 17[1]: 133 
extra[2] 18[1]: 457 21[1]: 461 
extracted[1] 12[1]: 145 
extraordinary[2] 7[1]: 119 25[1]: 372 
extreme[4] 5[1]: 614 10[1]: 192 32[1]: 90 33[2]: 42 513 
eye[2] 6[2]: 89 121 22[5]: 1 19 156 170 215 
eyes[1] 22[1]: 371 
