fabbiano[1] 5[1]: 108 
face[2] 13[1]: 13 19[1]: 428 
facebooks[1] 25[1]: 207 
facets[1] 1[1]: 108 
facilitate[2] 15[1]: 231 35[1]: 178 
facilities[1] 0[1]: 353 
facility[2] 1[1]: 188 8[1]: 683 
facing[1] 27[1]: 71 
fact[6] 0[1]: 279 5[1]: 333 12[2]: 108 124 22[1]: 437 24[1]: 324 26[1]: 225 
factor[2] 21[1]: 599 33[1]: 529 
factors[1] 24[1]: 341 
faculty[1] 33[1]: 278 
fade[1] 8[1]: 200 
fahlke[1] 17[14]: 170 206 227 275 384 408 448 487 516 556 617 661 800 840 
fahrenheit[1] 8[1]: 360 
fail[1] 11[1]: 393 
failed[2] 8[1]: 162 14[1]: 109 
failure[1] 32[1]: 399 
faint[2] 7[1]: 555 8[1]: 73 
fair[2] 24[1]: 10 28[1]: 494 
fall[4] 0[1]: 136 4[1]: 575 13[2]: 251 327 17[1]: 634 
falling[1] 9[1]: 582 
falls[2] 5[1]: 208 7[1]: 287 
familiar[3] 20[1]: 237 21[1]: 590 28[1]: 56 
family[3] 8[1]: 154 12[1]: 304 27[1]: 128 
fans[1] 21[1]: 329 
fantastic[1] 28[1]: 509 
far[11] 2[1]: 314 6[1]: 578 7[1]: 141 8[1]: 271 10[1]: 179 17[1]: 494 22[1]: 507 24[3]: 21 115 126 27[1]: 392 29[1]: 391 30[2]: 175 404 
fast[6] 12[1]: 15 30[1]: 128 33[2]: 136 447 34[1]: 387 36[4]: 52 63 339 442 38[2]: 294 327 
fastcharging[1] 33[1]: 35 
faster[7] 0[1]: 899 6[1]: 419 18[2]: 5 17 30[1]: 134 36[2]: 415 527 38[1]: 95 39[1]: 303 
fastest[1] 30[1]: 140 
fastforward[1] 25[1]: 129 
fastmoving[1] 3[1]: 268 
fat[1] 17[2]: 726 761 
fatigue[1] 31[1]: 397 
favorable[1] 2[2]: 248 562 
favored[1] 29[1]: 166 
fcc[1] 23[8]: 420 433 451 460 476 513 520 552 
fear[1] 21[1]: 271 
feasibility[1] 30[1]: 359 
feasible[1] 38[1]: 26 
feature[1] 3[1]: 235 
features[5] 3[1]: 275 4[2]: 156 195 5[1]: 627 8[1]: 658 28[3]: 253 628 645 
feb[1] 8[1]: 313 
february[1] 24[1]: 84 
fed[1] 13[1]: 209 
federal[3] 23[2]: 328 416 25[1]: 599 27[1]: 45 
feeble[1] 8[1]: 106 
feed[1] 17[1]: 289 
feeds[1] 3[1]: 451 
feel[1] 9[1]: 696 
feeling[1] 21[2]: 144 688 
fees[1] 26[1]: 595 
feet[1] 32[1]: 377 
feke[1] 31[1]: 344 
fell[1] 3[1]: 313 
fellow[3] 7[1]: 198 17[1]: 168 33[1]: 279 
felony[1] 27[1]: 72 
felt[2] 23[2]: 122 210 30[1]: 238 
fernwirkung[1] 34[1]: 117 
ferrari[1] 30[1]: 388 
fertilisation[1] 19[1]: 23 
fertilising[1] 19[1]: 594 
fertility[1] 19[3]: 245 423 446 
few[8] 3[1]: 114 13[1]: 285 16[1]: 109 18[1]: 470 20[1]: 318 24[1]: 186 27[1]: 102 28[1]: 183 
fewer[2] 19[1]: 777 29[1]: 517 
fiber[1] 31[3]: 90 376 389 
fiberglass[1] 31[2]: 413 442 
field[4] 3[1]: 471 30[1]: 237 35[1]: 327 36[1]: 162 
fields[3] 3[1]: 431 30[1]: 427 34[1]: 560 
fieldwork[1] 18[2]: 355 361 
fight[2] 16[1]: 101 23[2]: 68 192 
fightorflight[1] 16[1]: 414 
figure[2] 14[1]: 598 24[1]: 368 
figured[1] 12[2]: 425 439 
file[1] 20[1]: 443 
filed[4] 20[1]: 390 23[4]: 46 150 181 532 26[2]: 36 102 27[1]: 63 
files[1] 27[2]: 496 537 
fill[1] 19[1]: 236 
filled[2] 2[1]: 332 35[1]: 290 
film[2] 35[1]: 464 36[1]: 22 
filter[1] 17[1]: 288 
filters[1] 2[1]: 214 
final[3] 2[1]: 296 3[1]: 81 36[2]: 475 501 
finalists[1] 9[1]: 105 
finally[5] 8[1]: 70 17[1]: 476 25[2]: 136 492 28[1]: 621 37[1]: 56 
find[13] 0[1]: 370 2[1]: 175 4[1]: 116 5[1]: 359 6[1]: 446 8[1]: 565 15[3]: 54 97 174 17[1]: 107 20[1]: 261 23[1]: 380 28[3]: 51 460 503 30[1]: 352 36[1]: 618 
finding[8] 5[1]: 687 8[1]: 522 11[1]: 562 17[1]: 44 20[1]: 42 22[1]: 137 35[1]: 629 38[1]: 90 
findings[7] 12[1]: 50 16[3]: 58 306 501 18[2]: 23 80 19[2]: 201 859 22[1]: 260 32[1]: 50 37[1]: 238 
finds[4] 5[1]: 2 12[1]: 7 18[1]: 1 20[1]: 455 
fine[1] 35[1]: 264 
finger[1] 15[1]: 215 
finish[1] 13[2]: 26 503 
fire[1] 21[1]: 256 
fires[1] 8[1]: 182 
firm[2] 24[1]: 357 26[1]: 175 
firms[1] 26[1]: 367 
first[28] 0[2]: 528 641 1[4]: 97 296 329 388 2[3]: 37 57 367 3[1]: 319 4[2]: 321 399 5[2]: 17 299 6[1]: 506 7[3]: 42 469 568 10[1]: 440 11[5]: 117 264 516 577 741 14[3]: 51 76 223 15[1]: 401 17[2]: 228 388 18[1]: 209 19[2]: 217 459 20[1]: 33 21[3]: 5 53 195 22[2]: 99 354 24[1]: 242 26[3]: 255 262 337 28[1]: 297 29[1]: 339 31[1]: 124 32[1]: 413 33[1]: 292 35[1]: 87 38[2]: 488 499 39[2]: 27 427 
firstgeneration[1] 24[1]: 430 
firstperson[1] 22[1]: 304 
firsttime[1] 29[1]: 357 
fiscal[1] 26[1]: 265 
fish[1] 13[5]: 149 207 233 320 470 
fit[1] 17[1]: 459 
five[6] 1[2]: 30 467 6[2]: 582 594 14[1]: 130 21[1]: 223 32[1]: 318 34[1]: 476 
fixation[1] 10[1]: 172 
fixed[3] 10[2]: 139 258 13[1]: 512 27[2]: 179 185 
flare[2] 6[1]: 576 7[1]: 520 
flares[2] 6[2]: 136 601 7[4]: 50 428 473 563 
flat[1] 36[1]: 542 
flattopped[1] 2[1]: 62 
flawless[1] 38[1]: 378 
flaws[1] 38[2]: 368 388 
flex[1] 31[1]: 259 
flexibility[2] 0[1]: 703 32[2]: 91 217 
flexible[3] 0[1]: 873 33[1]: 433 36[2]: 9 24 
flight[5] 0[4]: 210 520 582 887 1[1]: 221 4[2]: 127 406 7[1]: 651 16[1]: 103 
flights[1] 0[4]: 42 202 595 844 
float[1] 6[1]: 185 
floating[1] 9[1]: 567 
flood[1] 27[1]: 302 
floor[2] 27[1]: 399 35[1]: 384 
florence[1] 5[1]: 685 
florida[2] 16[2]: 25 224 17[1]: 437 
flourish[1] 10[1]: 487 
flow[3] 9[1]: 301 10[1]: 16 33[1]: 92 
flowing[1] 3[1]: 288 
fluctuations[1] 18[2]: 181 307 
flulike[1] 14[1]: 207 
flutter[1] 6[1]: 31 
fly[1] 0[1]: 729 
fmedsci[1] 19[1]: 267 
focus[3] 0[1]: 696 30[1]: 407 36[1]: 571 
focused[2] 0[1]: 469 12[1]: 230 
focuses[1] 1[1]: 50 
follow[2] 25[1]: 122 29[1]: 207 
followed[3] 3[1]: 499 11[1]: 623 26[1]: 408 
following[3] 1[1]: 261 20[1]: 268 21[1]: 253 
food[1] 17[3]: 108 274 306 
foolish[1] 21[1]: 154 
footstool[1] 2[1]: 69 
force[4] 1[1]: 74 9[3]: 277 453 463 22[1]: 172 26[1]: 248 
forces[1] 32[2]: 429 437 
forecasted[1] 24[1]: 359 
forecasting[2] 1[2]: 419 497 6[3]: 3 108 625 
forecasts[2] 1[1]: 513 6[2]: 43 63 
foreign[1] 14[3]: 83 176 312 
form[9] 2[1]: 241 3[1]: 353 5[1]: 351 7[1]: 361 8[1]: 223 10[1]: 82 11[2]: 37 246 17[1]: 266 38[1]: 507 
formation[2] 3[1]: 398 5[4]: 227 243 324 618 
formed[4] 7[1]: 631 12[1]: 299 15[1]: 285 39[2]: 406 433 
former[5] 17[1]: 426 20[1]: 124 24[1]: 204 25[1]: 342 33[1]: 286 
forming[2] 3[1]: 56 39[1]: 377 
forms[1] 35[1]: 420 
forrester[1] 21[1]: 201 
forthcoming[2] 1[1]: 434 37[1]: 257 
fortunately[1] 6[1]: 323 
fortyfive[1] 29[1]: 401 
forward[6] 1[1]: 230 11[1]: 672 21[2]: 37 604 32[1]: 621 33[1]: 12 38[1]: 188 
fossil[1] 17[2]: 359 514 
fossilization[1] 17[1]: 407 
fossils[1] 17[1]: 414 
foster[1] 9[1]: 212 
found[11] 5[1]: 559 9[2]: 175 429 11[3]: 359 426 603 12[2]: 39 212 18[1]: 92 19[3]: 628 653 774 29[1]: 241 31[2]: 365 464 32[1]: 460 35[1]: 27 39[1]: 314 
foundation[2] 32[1]: 504 34[1]: 277 
founded[1] 26[1]: 159 
four[7] 4[1]: 307 6[1]: 585 8[1]: 519 17[1]: 621 26[1]: 295 27[1]: 238 29[1]: 98 
fourmillionsolarmass[1] 7[1]: 273 
fourth[1] 29[1]: 467 
fraction[2] 31[1]: 460 34[2]: 64 366 
fracture[1] 31[2]: 425 455 
fragile[2] 34[1]: 48 38[1]: 195 
fragment[1] 2[1]: 286 
fragments[1] 2[1]: 163 
framework[1] 18[1]: 526 
francisco[5] 14[1]: 368 20[4]: 12 64 219 244 25[1]: 10 27[2]: 369 415 28[2]: 30 680 
frederic[1] 11[1]: 162 
free[3] 9[1]: 566 21[2]: 294 353 35[2]: 351 360 
frequent[1] 0[1]: 271 
frequently[1] 11[1]: 550 
fresh[1] 3[1]: 224 
friends[1] 27[1]: 320 
front[1] 18[2]: 180 306 
frozen[1] 12[1]: 148 
frs[1] 19[1]: 266 
frustrated[2] 17[1]: 462 23[1]: 206 
fueled[1] 1[1]: 273 
fuels[1] 0[2]: 567 586 
full[3] 19[1]: 337 24[1]: 374 27[1]: 32 
fullerenes[1] 39[1]: 420 
fully[5] 3[1]: 458 13[1]: 446 16[1]: 209 28[1]: 247 30[1]: 447 
fun[1] 4[1]: 635 
function[4] 15[1]: 169 17[2]: 268 720 34[1]: 528 37[1]: 215 
functional[2] 1[1]: 248 31[1]: 506 
functioning[1] 15[1]: 312 
functions[1] 15[3]: 102 383 416 
fundamental[1] 30[1]: 414 
funded[1] 32[1]: 498 
funding[4] 12[1]: 472 14[1]: 637 18[1]: 518 37[1]: 546 
funnels[1] 7[1]: 342 
further[4] 18[2]: 146 431 19[1]: 864 30[2]: 278 385 35[2]: 470 525 
fuse[1] 8[1]: 171 
fused[1] 35[1]: 250 
future[7] 0[6]: 4 77 401 414 868 881 4[2]: 291 669 20[1]: 311 26[2]: 307 329 30[2]: 54 272 33[2]: 430 534 37[2]: 383 438 
