g[4] 12[1]: 85 21[3]: 354 373 427 26[2]: 195 197 28[1]: 532 
gain[3] 9[1]: 270 10[1]: 484 22[1]: 397 
gains[1] 38[1]: 413 
galaxies[2] 5[6]: 76 218 372 405 445 666 7[1]: 235 
galaxy[2] 5[15]: 26 57 88 136 235 271 287 308 363 430 588 607 632 654 695 7[5]: 138 262 283 556 573 
galaxys[1] 7[1]: 126 
game[3] 4[1]: 730 22[7]: 25 104 307 316 331 359 456 29[1]: 58 
gamechanger[1] 37[1]: 268 
games[2] 4[2]: 599 613 22[5]: 4 58 79 474 522 
gaming[1] 22[2]: 278 417 
gammaray[1] 7[2]: 166 480 
gap[4] 2[1]: 278 19[1]: 240 23[1]: 222 29[1]: 285 
garage[1] 20[1]: 275 
garan[1] 9[1]: 374 
garden[3] 3[1]: 291 20[1]: 378 28[1]: 78 
gartner[1] 24[1]: 358 
gartners[1] 24[1]: 88 
gary[1] 19[1]: 496 
gas[8] 3[5]: 38 52 199 259 558 5[2]: 207 511 7[2]: 300 324 13[1]: 375 32[2]: 77 572 34[1]: 184 35[3]: 295 340 403 39[1]: 121 
gases[1] 32[1]: 283 
gasgiant[1] 8[1]: 245 
gather[1] 28[1]: 664 
gave[2] 17[1]: 137 20[1]: 109 
gawker[1] 20[1]: 409 
gear[1] 0[1]: 535 
gecko[1] 32[1]: 362 
geim[2] 30[1]: 33 32[1]: 539 
gellike[1] 33[1]: 146 
genachowski[1] 23[1]: 523 
gene[4] 12[1]: 310 14[2]: 84 177 15[5]: 3 72 313 356 367 35[1]: 179 
genedelivery[1] 35[1]: 136 
general[3] 18[1]: 311 25[1]: 436 28[1]: 235 
generally[3] 6[1]: 196 25[1]: 458 33[1]: 113 
generate[3] 3[1]: 521 13[1]: 351 26[1]: 323 
generated[2] 17[1]: 353 37[1]: 362 
generates[1] 30[1]: 107 
generation[8] 0[2]: 99 318 1[1]: 101 13[2]: 92 293 24[2]: 243 446 25[2]: 149 165 30[1]: 375 31[1]: 548 39[1]: 294 
generous[1] 14[1]: 641 
genes[3] 12[3]: 191 194 265 14[1]: 313 15[10]: 24 117 164 179 195 237 257 288 408 434 
genetic[1] 35[1]: 164 
genetically[1] 14[1]: 405 
geneticist[1] 12[1]: 97 
genetics[1] 11[1]: 477 
genome[2] 10[2]: 162 389 16[2]: 48 498 
genomes[1] 10[1]: 347 
genomic[1] 10[1]: 445 
genomics[1] 10[2]: 231 318 
geography[1] 18[1]: 46 
geological[1] 17[1]: 246 
geology[1] 2[1]: 521 
george[1] 3[1]: 486 
german[3] 20[1]: 376 23[1]: 60 28[1]: 76 
germany[3] 7[1]: 685 34[1]: 458 39[1]: 465 
germline[1] 11[1]: 590 
gerry[1] 12[1]: 78 
get[12] 0[1]: 848 4[3]: 541 740 779 12[1]: 432 14[1]: 574 21[2]: 14 300 22[1]: 81 23[1]: 412 24[1]: 210 25[2]: 538 580 26[1]: 153 28[1]: 351 33[1]: 387 
getting[3] 0[2]: 179 653 2[1]: 142 34[2]: 499 524 
ghostlike[1] 34[1]: 129 
gingerich[1] 17[2]: 212 232 
girls[1] 9[1]: 49 
give[4] 0[1]: 701 4[1]: 346 21[1]: 326 23[2]: 242 274 
given[5] 2[1]: 149 4[1]: 594 11[1]: 487 21[1]: 155 22[1]: 195 
gives[2] 6[1]: 485 35[1]: 630 
giving[1] 33[1]: 185 
gizmodo[2] 20[3]: 411 428 437 28[1]: 97 
glacier[1] 18[21]: 3 12 96 98 156 166 171 179 187 219 263 271 278 287 291 305 316 328 343 385 461 
glaciers[1] 18[6]: 246 252 265 392 420 488 
glass[3] 31[1]: 91 32[3]: 323 337 468 34[1]: 312 
global[1] 10[1]: 35 
globe[1] 27[1]: 204 
glow[1] 8[1]: 74 
glowing[1] 3[3]: 37 211 273 
glucose[1] 16[1]: 117 
go[2] 12[1]: 459 17[1]: 493 
goal[4] 12[1]: 471 13[1]: 402 15[1]: 423 31[1]: 204 
goals[1] 4[1]: 445 
goddard[2] 1[1]: 219 7[1]: 649 
going[7] 0[4]: 737 750 824 830 4[1]: 751 9[1]: 513 22[1]: 514 25[1]: 526 30[1]: 199 35[1]: 204 
gold[1] 33[1]: 324 
golding[1] 12[1]: 286 
gone[1] 28[1]: 20 
good[7] 2[1]: 458 4[1]: 711 5[2]: 353 449 6[1]: 481 22[2]: 370 485 28[1]: 161 36[1]: 289 
google[2] 25[5]: 41 42 46 394 412 26[2]: 454 502 
googles[2] 25[3]: 0 11 333 26[1]: 467 
got[2] 8[1]: 552 32[1]: 28 
government[2] 25[2]: 600 611 27[1]: 273 
governmental[1] 27[1]: 219 
gps[1] 28[2]: 270 631 
grade[1] 9[1]: 48 
gradually[1] 39[1]: 355 
graduate[2] 32[1]: 186 33[1]: 288 
grail[1] 38[1]: 37 
grant[1] 22[1]: 452 
granted[1] 27[1]: 131 
graphene[2] 30[16]: 47 60 73 95 123 153 184 216 226 240 259 294 334 371 409 468 32[18]: 4 13 52 66 93 106 222 245 312 335 421 442 453 465 515 549 598 603 
graphenebased[2] 30[1]: 311 32[1]: 70 
graphenes[2] 30[2]: 0 382 32[2]: 555 578 
graphite[1] 35[1]: 444 
graphitic[1] 35[2]: 407 430 
gravity[3] 4[1]: 513 9[2]: 279 455 32[1]: 367 
gray[1] 20[1]: 359 
great[3] 28[1]: 484 30[1]: 423 34[1]: 506 
greater[3] 7[1]: 354 9[2]: 418 460 29[1]: 361 
greatly[1] 7[1]: 444 
greenbelt[2] 1[1]: 224 7[1]: 654 
greenhouse[1] 13[1]: 374 
greenland[1] 18[9]: 2 14 248 254 281 293 377 425 466 
greenlands[1] 18[1]: 94 
greg[1] 28[1]: 40 
grew[1] 33[1]: 261 
grewal[1] 27[3]: 108 156 416 
grid[1] 35[13]: 66 265 277 298 381 486 509 537 556 566 575 600 645 
grigorenko[1] 30[1]: 281 
ground[6] 0[1]: 903 4[1]: 468 8[1]: 143 9[1]: 585 17[1]: 839 27[1]: 398 
groundbased[2] 7[1]: 217 8[1]: 672 
group[11] 0[1]: 57 15[1]: 135 17[3]: 76 113 600 22[1]: 355 25[1]: 205 28[1]: 371 32[1]: 39 34[1]: 298 36[2]: 150 264 37[2]: 467 506 39[1]: 460 
groups[4] 14[3]: 152 506 520 24[1]: 436 36[1]: 615 37[1]: 513 
grow[2] 5[1]: 671 35[1]: 99 
growing[3] 3[1]: 453 5[1]: 202 35[3]: 40 426 448 
grown[2] 33[1]: 214 35[1]: 5 
growth[4] 15[2]: 39 43 19[1]: 837 31[1]: 456 35[2]: 472 527 
guaranteed[1] 21[1]: 676 
guardian[1] 16[1]: 495 
guess[1] 24[1]: 134 
guide[3] 0[1]: 421 17[1]: 733 32[1]: 62 
guido[1] 5[1]: 674 
guillermo[1] 3[1]: 489 
guilty[3] 20[1]: 476 27[2]: 5 152 28[1]: 100 
gulf[1] 6[1]: 362 
gyneacology[1] 19[1]: 829 
gyro[1] 4[2]: 167 370 
