habits[1] 17[1]: 327 
hacking[1] 27[1]: 78 
had[16] 4[2]: 164 184 5[1]: 433 10[1]: 298 12[1]: 322 14[2]: 103 153 17[2]: 143 672 18[1]: 344 20[2]: 181 224 22[1]: 326 23[5]: 137 158 461 501 540 24[5]: 16 25 41 195 289 25[2]: 225 338 29[1]: 256 31[1]: 380 36[2]: 282 491 39[1]: 102 
haefer[1] 27[1]: 569 
hair[1] 39[1]: 241 
half[6] 1[1]: 210 7[1]: 596 19[3]: 738 782 790 21[1]: 483 29[1]: 315 36[1]: 458 
halting[1] 27[1]: 97 
hand[1] 29[2]: 132 344 
handcrafting[1] 11[1]: 210 
handed[1] 25[1]: 455 
handful[1] 21[1]: 474 
handheld[2] 4[1]: 791 22[1]: 277 
handled[4] 0[1]: 590 21[2]: 137 557 24[1]: 287 27[1]: 109 
handling[1] 0[1]: 607 
handoff[1] 28[1]: 524 
handset[1] 28[1]: 158 
handsets[3] 26[1]: 198 28[2]: 193 335 29[1]: 80 
handson[2] 9[1]: 92 29[1]: 354 
hanes[1] 11[1]: 164 
hang[1] 27[1]: 325 
hanna[2] 18[3]: 32 38 358 34[1]: 422 
happen[3] 21[1]: 518 28[1]: 113 31[1]: 504 
happened[4] 7[1]: 378 9[1]: 164 17[1]: 403 27[2]: 254 366 
happens[3] 5[1]: 707 10[1]: 133 34[1]: 363 
happy[2] 21[1]: 480 25[1]: 439 
hard[2] 14[1]: 572 22[1]: 498 
hardware[2] 2[1]: 616 4[2]: 289 842 
harm[1] 23[1]: 129 
harming[1] 14[1]: 67 
harmless[1] 11[1]: 245 
haro[1] 3[1]: 490 
harrington[1] 10[1]: 465 
hartigan[1] 3[4]: 139 338 464 559 
harvard[3] 7[1]: 610 11[2]: 22 727 36[3]: 77 260 391 
harvardled[1] 36[1]: 149 
harvardsmithsonian[2] 5[1]: 111 7[1]: 201 
harvest[1] 37[2]: 307 470 
harvesting[2] 30[1]: 70 37[2]: 70 524 
hasnt[2] 21[1]: 335 29[1]: 143 
hauge[1] 33[3]: 53 275 409 
havent[2] 21[1]: 623 36[1]: 35 
having[3] 2[2]: 461 575 9[1]: 191 29[1]: 441 
havoc[1] 16[1]: 193 
hawaii[1] 8[2]: 687 701 
haynes[1] 11[4]: 145 226 450 482 
head[2] 15[1]: 130 19[3]: 548 678 870 
heading[1] 21[1]: 238 
headline[2] 21[1]: 175 24[1]: 124 
headon[1] 7[1]: 448 
headquarters[3] 2[1]: 597 8[1]: 122 28[2]: 190 364 
health[3] 2[1]: 459 12[1]: 487 19[1]: 350 
hear[2] 6[1]: 357 23[1]: 332 
heard[4] 21[1]: 187 25[1]: 503 27[1]: 30 29[1]: 321 
hearing[1] 17[4]: 5 189 723 794 
heart[2] 16[1]: 113 34[1]: 578 
heat[1] 13[1]: 464 
heated[2] 3[1]: 216 7[1]: 315 
heating[1] 3[1]: 208 
heavier[1] 31[1]: 236 
heavily[1] 5[1]: 506 
hebrew[1] 9[2]: 52 173 
hed[1] 25[1]: 476 
heels[2] 11[1]: 330 24[1]: 189 
heidelberg[1] 15[2]: 145 321 
heights[1] 20[2]: 89 233 
held[1] 9[2]: 292 353 
helioseismologists[1] 6[1]: 325 
helioseismology[1] 6[2]: 278 627 
heliospheric[1] 6[1]: 387 
help[11] 1[3]: 19 482 518 9[1]: 211 13[1]: 469 14[1]: 185 16[1]: 3 17[1]: 808 19[2]: 89 252 22[1]: 6 24[1]: 72 32[2]: 61 617 37[1]: 57 
helped[2] 16[1]: 33 17[1]: 15 
helpful[1] 17[1]: 847 
helps[2] 3[1]: 433 10[1]: 108 
hendrik[1] 12[1]: 93 
henry[1] 37[1]: 47 
her[2] 9[2]: 188 195 17[1]: 523 
herbig[1] 3[1]: 487 
herbigharo[1] 3[2]: 179 479 
here[9] 4[1]: 206 9[2]: 280 396 19[1]: 235 20[1]: 149 21[1]: 166 25[1]: 31 27[1]: 40 28[1]: 646 38[1]: 387 
hereditary[1] 16[1]: 54 
herere[1] 21[1]: 222 
heres[2] 28[1]: 166 35[1]: 473 
hes[1] 25[2]: 376 383 
hesitation[1] 9[1]: 235 
hewlettpackard[1] 26[1]: 32 
hexagonal[3] 30[1]: 487 32[1]: 119 35[1]: 441 
hh[1] 3[7]: 181 480 500 501 502 503 505 
hidden[2] 6[2]: 448 668 8[1]: 533 
hides[1] 11[1]: 327 
high[9] 0[1]: 320 1[1]: 381 4[2]: 24 171 25[1]: 556 30[2]: 155 158 32[1]: 359 33[1]: 182 36[2]: 43 598 39[1]: 498 
highaspectratio[1] 33[1]: 401 
highefficiency[1] 36[1]: 637 
highenergy[2] 7[2]: 49 490 33[1]: 32 
higher[4] 0[2]: 209 293 18[3]: 121 228 320 19[1]: 642 37[1]: 517 
highest[2] 14[2]: 150 504 32[1]: 248 
highfrequency[2] 17[1]: 94 33[1]: 462 
highlighted[1] 26[1]: 240 
highlighting[2] 16[1]: 232 21[1]: 383 
highlights[1] 7[1]: 162 
highly[4] 3[1]: 541 8[1]: 110 17[1]: 86 19[1]: 165 
highresolution[1] 3[1]: 148 
highspeed[1] 30[2]: 55 81 
hindered[1] 10[1]: 299 
history[5] 0[1]: 604 2[1]: 235 14[1]: 227 25[2]: 332 370 26[2]: 148 578 
hit[2] 6[1]: 144 26[1]: 438 
hitormiss[1] 36[1]: 131 
hiv[1] 11[19]: 1 30 52 104 127 193 270 311 318 321 326 366 399 405 489 520 547 625 680 
hivaids[1] 11[1]: 156 
hivprotective[1] 11[1]: 753 
hivs[1] 11[1]: 39 
hogan[1] 20[1]: 398 
hoisted[1] 1[2]: 299 326 
hold[4] 4[1]: 814 32[1]: 449 33[1]: 120 36[1]: 15 
holder[1] 8[1]: 340 
holding[2] 0[1]: 630 13[1]: 356 
holds[2] 26[2]: 14 479 33[1]: 458 
hole[2] 5[8]: 154 173 231 348 426 441 649 690 7[10]: 6 129 244 259 275 291 311 332 409 507 
holes[2] 5[19]: 8 22 48 66 101 196 199 253 293 331 387 457 474 490 504 544 558 585 669 7[2]: 365 441 
hollow[1] 39[1]: 62 
holy[1] 38[1]: 36 
home[1] 20[4]: 28 229 257 426 
hong[1] 19[3]: 143 686 842 
honor[2] 3[1]: 484 22[1]: 310 
honored[1] 32[1]: 529 
hop[1] 36[1]: 360 
hope[5] 4[2]: 283 714 11[1]: 708 19[3]: 248 409 449 36[1]: 603 37[2]: 399 415 
hoped[1] 17[1]: 313 
hopes[2] 4[1]: 685 21[1]: 444 
horizon[1] 4[1]: 341 
hormone[1] 16[1]: 451 
hormones[1] 16[3]: 244 415 436 
horse[1] 12[1]: 204 
hose[1] 3[1]: 292 
hospital[1] 14[2]: 18 97 
hospitalacquired[1] 12[1]: 258 
hospitals[1] 12[1]: 120 
host[3] 0[1]: 366 5[2]: 444 606 26[1]: 444 
hostile[1] 26[1]: 536 
hosting[1] 7[1]: 263 
hot[1] 33[1]: 154 
hotter[1] 5[1]: 213 
hour[1] 34[2]: 92 420 
hours[2] 0[2]: 28 228 22[5]: 54 336 337 400 415 
house[2] 8[2]: 424 534 20[2]: 106 273 
houses[1] 17[1]: 504 
houston[1] 3[1]: 144 
houstonbased[1] 4[1]: 53 
how[20] 3[6]: 91 173 310 325 343 417 4[3]: 275 662 676 5[2]: 149 705 7[1]: 2 8[1]: 221 10[3]: 4 113 482 12[4]: 14 419 430 441 14[1]: 600 16[2]: 189 200 17[2]: 317 324 19[3]: 1 12 507 23[2]: 224 544 24[3]: 0 68 125 25[1]: 452 26[2]: 89 95 27[2]: 309 548 28[2]: 437 521 32[1]: 342 35[2]: 146 232 36[3]: 342 352 365 
however[8] 2[1]: 483 4[1]: 593 5[3]: 180 265 619 9[1]: 479 15[2]: 105 289 16[1]: 187 35[1]: 621 39[1]: 184 
hp[1] 21[2]: 157 490 
hspa[1] 26[1]: 72 
htc[1] 26[1]: 59 
huaxin[1] 11[1]: 290 
hubble[2] 3[5]: 0 22 149 169 498 8[1]: 643 
hubbles[1] 3[1]: 100 
hubs[1] 0[1]: 248 
huge[2] 19[1]: 239 25[2]: 286 615 
human[9] 3[1]: 129 6[2]: 88 120 8[1]: 34 11[2]: 301 388 16[2]: 74 89 19[12]: 14 98 172 209 229 301 327 464 475 535 704 817 21[1]: 133 34[1]: 575 39[1]: 240 
humans[4] 11[1]: 472 14[2]: 71 247 16[1]: 395 19[1]: 797 
hundred[1] 30[1]: 132 
hundreds[4] 18[1]: 243 24[1]: 469 28[1]: 638 33[3]: 104 121 249 
hunted[1] 8[1]: 37 
hurricane[1] 6[1]: 5 
hurt[1] 26[1]: 525 
huvell[1] 23[1]: 343 
hybrids[1] 33[1]: 118 
hydroelectric[1] 13[1]: 90 
hydrogen[1] 0[2]: 572 600 
hydropower[1] 13[5]: 183 292 363 417 476 
hype[1] 24[3]: 129 217 311 
hypothesis[2] 9[3]: 433 478 626 11[1]: 572 
