i[8] 9[1]: 219 14[3]: 461 613 629 21[1]: 214 22[2]: 131 138 24[1]: 194 28[2]: 273 276 35[1]: 90 37[1]: 263 
ica[1] 31[1]: 312 
ice[2] 1[1]: 145 18[2]: 426 458 
idc[1] 24[1]: 57 
idea[4] 5[1]: 465 17[1]: 498 22[1]: 486 31[1]: 177 
ideal[1] 33[1]: 506 
ideas[3] 4[1]: 712 25[1]: 126 38[1]: 176 
identical[1] 4[1]: 470 
identification[1] 19[1]: 801 
identified[5] 8[2]: 581 650 11[1]: 581 12[1]: 262 16[1]: 248 29[1]: 297 
identifies[1] 19[1]: 38 
identify[4] 2[1]: 194 13[1]: 406 16[1]: 34 22[1]: 281 
identifying[1] 32[1]: 546 
identities[1] 25[1]: 52 
if[18] 0[2]: 138 633 4[2]: 496 609 5[3]: 86 395 418 6[1]: 568 9[1]: 224 13[2]: 301 495 14[1]: 559 16[1]: 126 21[4]: 181 262 283 421 23[4]: 315 387 399 480 24[3]: 420 433 492 25[1]: 300 27[1]: 552 28[4]: 53 107 406 652 29[1]: 205 34[1]: 158 35[1]: 559 36[1]: 314 
ii[1] 1[3]: 289 295 373 
illegally[1] 20[1]: 496 
illuminating[1] 34[1]: 315 
illustrate[1] 18[1]: 147 
illustrated[1] 32[1]: 521 
ilonidis[1] 6[6]: 92 252 366 450 553 648 
ilonidiss[1] 6[1]: 531 
im[1] 21[1]: 142 
imac[1] 21[1]: 466 
image[2] 4[2]: 182 335 7[1]: 180 
imager[2] 1[1]: 43 2[1]: 211 
images[2] 3[2]: 18 150 37[1]: 189 
imagine[3] 6[1]: 2 22[1]: 500 25[1]: 99 
imaging[1] 19[1]: 606 
immature[1] 11[11]: 59 73 108 129 375 445 505 524 554 699 745 
immediate[2] 0[1]: 76 30[1]: 341 
immediately[2] 9[1]: 238 26[1]: 611 
immense[1] 36[1]: 16 
immune[1] 11[6]: 6 67 113 130 254 480 
immunity[1] 11[2]: 221 282 
immunizations[1] 11[1]: 731 
immunogen[1] 11[1]: 696 
immunogenicity[1] 11[2]: 596 705 
immunogens[1] 11[2]: 583 738 
immunology[1] 11[3]: 158 169 725 
impact[5] 2[1]: 76 4[1]: 416 12[1]: 356 13[2]: 89 415 30[1]: 342 
impairment[1] 22[1]: 206 
impediment[1] 34[1]: 246 
imperial[1] 19[4]: 150 275 318 404 
impermeable[1] 32[1]: 279 
implications[1] 16[1]: 318 
implying[1] 5[1]: 644 
importance[2] 11[1]: 558 32[2]: 513 611 
important[15] 1[2]: 38 58 2[1]: 550 5[2]: 663 698 9[1]: 688 11[2]: 225 670 12[1]: 355 14[1]: 299 15[1]: 437 16[2]: 236 316 18[2]: 491 497 19[2]: 520 814 25[1]: 474 28[2]: 430 625 35[1]: 45 38[1]: 108 
importantly[1] 30[1]: 119 
impossible[1] 8[1]: 60 
impressive[1] 25[1]: 223 
imprisoned[1] 20[1]: 499 
improve[6] 4[1]: 376 11[2]: 98 704 18[1]: 476 24[1]: 426 30[1]: 307 37[1]: 271 
improved[2] 22[1]: 377 30[1]: 276 
improvement[2] 22[3]: 146 380 393 34[1]: 553 
improvements[2] 22[3]: 85 411 428 30[1]: 323 
improves[1] 35[1]: 185 
improving[3] 11[1]: 694 22[1]: 109 30[1]: 44 
inactivate[1] 15[1]: 42 
inc[1] 14[2]: 28 352 
inch[2] 21[1]: 110 31[1]: 166 
include[6] 2[1]: 237 3[1]: 256 8[1]: 678 23[1]: 306 26[1]: 58 27[1]: 459 
included[4] 7[1]: 158 18[1]: 56 22[1]: 294 32[1]: 184 
includes[2] 18[1]: 241 30[1]: 26 
including[14] 1[1]: 244 5[1]: 625 7[3]: 173 220 236 10[1]: 152 13[1]: 485 14[1]: 92 16[2]: 148 459 18[1]: 29 23[1]: 251 24[1]: 175 26[5]: 194 279 368 452 486 32[1]: 595 33[1]: 432 37[1]: 115 
incoming[1] 19[1]: 18 
incorporate[1] 1[1]: 502 
increase[3] 0[1]: 886 23[1]: 132 37[1]: 388 
increases[1] 39[1]: 370 
increasing[1] 37[1]: 520 
incredible[1] 32[1]: 556 
incredibly[3] 7[1]: 59 12[1]: 416 30[1]: 127 
indeed[2] 29[1]: 382 39[1]: 174 
independent[1] 24[1]: 438 
indicate[2] 3[2]: 214 223 18[1]: 111 
indicated[2] 5[1]: 167 20[1]: 433 
indicates[2] 4[1]: 495 16[1]: 159 
indicating[1] 8[1]: 664 
indication[2] 18[1]: 366 24[1]: 443 
indications[1] 23[1]: 510 
indigent[1] 27[1]: 117 
individual[3] 16[1]: 303 32[1]: 452 39[1]: 317 
individually[1] 17[1]: 620 
indoor[1] 37[1]: 308 
inducing[1] 11[2]: 607 714 
industries[1] 0[1]: 157 
industry[5] 0[2]: 448 474 25[3]: 65 275 536 26[1]: 23 31[1]: 203 32[1]: 587 
ineffective[1] 22[1]: 192 
inefficient[1] 37[1]: 339 
inert[1] 39[1]: 75 
infalling[1] 3[1]: 439 
infect[1] 14[1]: 61 
infections[1] 12[1]: 259 
infectious[2] 11[1]: 646 12[1]: 89 
infertility[1] 19[3]: 99 354 536 
inflated[1] 24[1]: 146 
influence[2] 3[1]: 346 25[1]: 616 
informally[1] 2[1]: 94 
information[6] 15[1]: 276 16[1]: 55 20[1]: 175 26[1]: 136 28[2]: 419 649 38[4]: 184 191 459 483 
informed[1] 19[1]: 708 
infrared[1] 8[8]: 16 64 112 132 212 306 391 681 
infrastructure[2] 0[1]: 496 24[2]: 38 391 
infrastructures[1] 24[1]: 82 
infringement[1] 26[2]: 28 374 
infusion[1] 14[2]: 121 245 
inhabit[1] 33[1]: 191 
initial[3] 2[1]: 12 11[1]: 460 17[1]: 196 
initially[3] 7[1]: 475 19[1]: 510 39[1]: 339 
initiated[1] 1[1]: 128 
initiating[1] 26[1]: 150 
inject[1] 14[1]: 294 
injected[2] 11[1]: 408 33[1]: 493 
inner[2] 6[2]: 212 413 39[1]: 334 
innermost[1] 7[1]: 323 
innovation[2] 24[1]: 355 26[4]: 168 526 562 589 
innovative[1] 10[1]: 316 
inorganic[1] 36[1]: 46 
input[1] 23[1]: 463 
insert[1] 15[1]: 269 
inserted[1] 35[1]: 168 
inside[4] 6[3]: 203 304 320 19[1]: 593 28[1]: 302 39[2]: 80 206 
insight[1] 18[1]: 83 
insights[2] 7[1]: 24 19[1]: 218 
insisting[1] 25[1]: 410 
inspired[1] 9[1]: 734 
installations[1] 13[1]: 184 
instance[1] 5[1]: 301 
instances[1] 24[1]: 300 
instead[5] 0[1]: 827 3[1]: 293 5[1]: 294 8[1]: 195 27[1]: 615 
institute[10] 5[1]: 681 8[1]: 399 10[2]: 163 430 11[4]: 303 540 642 688 12[1]: 87 13[1]: 66 14[1]: 20 15[1]: 141 16[2]: 31 221 34[5]: 76 179 284 437 453 
institutes[1] 12[1]: 485 
institutions[1] 14[1]: 32 
instrument[3] 1[1]: 39 2[1]: 187 7[2]: 96 182 
instrumentation[1] 4[1]: 407 
instruments[2] 1[3]: 31 260 469 6[1]: 379 
insufficient[1] 10[1]: 55 
integrate[3] 15[1]: 334 33[1]: 540 37[1]: 406 
integrated[3] 15[1]: 347 32[1]: 139 33[3]: 73 427 468 
intel[3] 26[1]: 280 33[1]: 302 37[2]: 492 549 
intellectual[1] 26[1]: 180 
intelligence[1] 29[1]: 181 
intended[2] 4[1]: 581 17[1]: 255 
intenders[1] 29[1]: 359 
intending[1] 29[1]: 332 
intense[2] 5[1]: 241 7[2]: 46 297 
intensive[1] 6[1]: 630 
intentional[1] 27[1]: 614 
interact[3] 3[1]: 328 28[1]: 642 35[1]: 149 
interaction[3] 9[1]: 404 32[2]: 484 601 35[1]: 156 
interactions[1] 3[3]: 340 381 543 
interest[5] 4[1]: 767 15[1]: 74 23[1]: 487 29[2]: 187 400 32[1]: 552 
interested[2] 23[1]: 300 29[4]: 201 228 410 501 
interesting[3] 26[1]: 86 32[1]: 31 37[1]: 529 
interestingly[1] 17[1]: 706 
interfere[1] 28[1]: 330 
interference[1] 28[1]: 565 
interglacial[1] 12[1]: 219 
internal[2] 20[2]: 20 249 39[2]: 58 161 
international[5] 0[1]: 483 4[2]: 13 71 7[2]: 185 679 9[1]: 62 19[1]: 133 
internationally[1] 17[1]: 214 
internet[4] 4[1]: 601 27[4]: 284 343 421 463 30[3]: 7 82 141 34[1]: 547 
interpret[1] 17[2]: 814 859 
interstellar[1] 7[1]: 395 
interview[1] 25[1]: 21 
intimately[1] 33[1]: 426 
into[20] 0[5]: 16 123 738 825 831 1[4]: 181 300 378 505 2[1]: 87 3[3]: 95 205 460 7[4]: 25 75 303 393 8[1]: 418 13[2]: 178 459 14[1]: 181 15[1]: 317 17[1]: 759 18[1]: 84 19[2]: 219 445 22[1]: 272 27[2]: 504 529 31[1]: 148 33[7]: 74 206 217 230 428 469 497 35[1]: 169 37[3]: 100 409 483 38[1]: 398 39[1]: 357 
intravenous[1] 14[4]: 86 120 244 268 
intravenouslydelivered[1] 14[1]: 56 
introduced[1] 13[1]: 488 
intrusion[1] 27[1]: 528 
invented[1] 25[1]: 109 
invention[2] 0[1]: 674 37[1]: 269 
invested[1] 29[1]: 447 
investigate[1] 19[1]: 865 
investigating[2] 14[1]: 335 15[1]: 8 
investigation[3] 4[4]: 268 564 640 796 9[2]: 274 393 20[1]: 240 
investigations[1] 4[1]: 401 
investigator[5] 2[2]: 111 348 18[1]: 351 20[1]: 134 22[1]: 251 37[1]: 290 
investigators[4] 11[1]: 601 12[1]: 73 20[1]: 118 31[1]: 82 
investment[1] 26[1]: 319 
involved[6] 9[1]: 132 14[2]: 90 609 16[2]: 368 428 19[1]: 811 28[1]: 172 39[2]: 215 250 
involves[3] 16[1]: 404 28[1]: 294 37[1]: 79 
involving[4] 19[1]: 466 22[1]: 317 26[1]: 461 39[1]: 16 
ion[1] 27[1]: 234 
ions[1] 35[10]: 0 70 211 358 374 476 480 511 530 583 
ios[3] 4[4]: 239 319 462 699 28[1]: 238 29[3]: 110 162 490 
ipad[2] 21[4]: 31 34 521 664 36[1]: 28 
iphone[5] 4[2]: 93 149 20[7]: 7 45 204 326 348 354 406 21[1]: 509 28[2]: 18 73 37[1]: 324 
irregularity[1] 17[1]: 391 
islands[1] 6[1]: 181 
isnt[6] 6[1]: 470 21[1]: 341 25[1]: 438 27[2]: 291 413 28[2]: 508 650 31[1]: 231 
isolate[1] 12[1]: 164 
isolated[1] 10[1]: 353 
isolating[1] 32[1]: 545 
isolation[1] 17[1]: 769 
israel[1] 11[1]: 17 
issue[8] 5[1]: 129 6[1]: 249 7[1]: 17 11[1]: 206 22[2]: 38 433 32[1]: 176 36[1]: 245 37[1]: 259 
issued[2] 24[1]: 58 26[2]: 106 212 
italy[2] 5[1]: 686 7[1]: 684 
item[1] 20[1]: 62 
ithaca[1] 2[1]: 118 
itself[6] 0[1]: 371 16[2]: 121 182 26[1]: 164 28[1]: 338 29[1]: 484 39[2]: 212 375 
itunes[1] 4[1]: 598 
