j[2] 7[4]: 112 265 373 457 16[1]: 264 
jan[1] 8[1]: 311 
japan[1] 7[2]: 687 693 
japanled[1] 7[1]: 175 
jason[1] 20[1]: 430 
jaw[1] 17[1]: 750 
jaws[1] 17[2]: 456 731 
jay[1] 0[1]: 86 
jennerex[1] 14[2]: 27 351 
jet[5] 2[1]: 477 3[3]: 177 241 554 5[1]: 643 7[3]: 391 416 442 8[1]: 452 
jets[3] 0[1]: 552 3[15]: 7 35 47 110 162 254 278 327 365 390 409 423 477 534 574 7[2]: 349 377 
jewellery[1] 38[1]: 370 
jgi[1] 10[3]: 164 220 421 
jgis[1] 10[1]: 322 
jim[2] 0[1]: 380 26[1]: 238 
job[2] 25[1]: 249 29[1]: 351 
jobs[1] 25[5]: 5 318 346 499 603 
johannes[1] 38[2]: 251 495 
john[4] 2[1]: 469 11[1]: 628 14[1]: 250 24[1]: 202 
joined[1] 38[1]: 12 
joint[3] 1[1]: 435 10[1]: 161 18[1]: 504 
jon[1] 8[1]: 115 
jose[2] 20[1]: 126 27[1]: 10 
journal[16] 5[1]: 132 7[1]: 20 8[2]: 436 471 12[1]: 56 13[1]: 120 14[1]: 45 16[1]: 62 19[1]: 34 22[1]: 41 23[1]: 457 30[1]: 13 33[1]: 59 34[1]: 100 37[2]: 248 262 38[1]: 144 39[1]: 93 
journalists[1] 28[1]: 373 
jpss[1] 1[3]: 439 449 476 
judge[2] 23[2]: 329 340 27[2]: 46 106 
julia[2] 5[1]: 562 17[1]: 169 
julius[1] 23[1]: 522 
july[5] 1[1]: 311 4[1]: 106 20[1]: 214 27[2]: 67 251 28[2]: 34 286 
jumbo[1] 0[1]: 551 
jump[1] 29[1]: 214 
jumps[1] 29[1]: 327 
june[2] 24[1]: 55 26[1]: 232 
junfeng[1] 5[1]: 390 
junior[1] 15[1]: 133 
junwei[1] 6[1]: 255 
jupiter[1] 8[1]: 248 
just[18] 0[1]: 829 3[1]: 112 4[2]: 110 744 6[2]: 291 654 14[1]: 288 15[1]: 48 17[2]: 279 457 18[1]: 382 21[5]: 13 219 478 529 640 24[1]: 182 25[2]: 419 533 26[1]: 434 27[1]: 328 28[2]: 84 592 32[1]: 27 34[1]: 532 35[1]: 569 39[1]: 518 
justice[2] 23[13]: 45 97 107 144 179 317 377 394 406 447 466 499 530 27[2]: 435 591 
justify[1] 0[1]: 296 
jx[1] 14[4]: 126 345 369 491 
