k[1] 32[1]: 538 
kan[1] 28[1]: 284 
kansas[1] 6[1]: 28 
kea[1] 8[2]: 686 700 
keck[1] 8[1]: 696 
keen[1] 19[1]: 855 
keep[4] 8[1]: 184 9[2]: 522 528 21[1]: 376 23[2]: 24 113 
keeping[1] 28[1]: 191 
ken[1] 1[1]: 212 
kennedy[1] 0[2]: 65 350 
kennedys[1] 0[1]: 385 
kept[2] 1[1]: 201 25[1]: 239 
kerosene[1] 0[2]: 569 598 
key[12] 0[1]: 373 1[2]: 125 472 13[1]: 310 16[1]: 41 18[2]: 11 365 19[2]: 617 693 21[1]: 597 26[1]: 246 28[1]: 197 33[1]: 180 34[1]: 23 35[1]: 214 
khlobystov[1] 39[2]: 136 243 
kibo[1] 7[1]: 704 
kidding[1] 12[1]: 400 
kids[2] 9[6]: 4 36 87 110 179 639 22[1]: 512 
killer[1] 21[1]: 32 
kilometers[1] 2[2]: 436 446 
kilometerwide[1] 2[1]: 52 
kind[9] 0[2]: 655 720 6[2]: 41 605 9[1]: 683 11[1]: 610 13[1]: 422 17[2]: 530 863 25[1]: 339 29[1]: 34 33[1]: 511 
kindle[1] 21[5]: 71 93 592 630 649 
kindles[1] 21[2]: 95 374 
kindletablet[1] 21[1]: 179 
kinds[3] 0[1]: 345 14[1]: 442 38[1]: 262 
kirchman[1] 10[1]: 464 
kirkpatrick[1] 8[2]: 383 425 
kirn[1] 14[1]: 365 
kish[1] 24[2]: 203 238 
kitchen[1] 8[1]: 416 
km[1] 6[1]: 463 
knife[1] 19[1]: 727 
knock[1] 15[1]: 68 
knocking[1] 35[2]: 366 518 
knot[1] 3[1]: 229 
knots[1] 3[1]: 257 
know[8] 3[1]: 405 8[2]: 541 550 14[1]: 558 21[1]: 122 27[1]: 551 29[1]: 237 34[1]: 169 35[2]: 91 231 
knowing[1] 29[1]: 384 
knowingly[1] 20[1]: 489 
knowledge[3] 9[1]: 20 19[2]: 243 792 29[1]: 421 
known[12] 5[2]: 43 300 7[1]: 109 8[1]: 575 10[2]: 67 457 12[1]: 123 17[2]: 77 715 19[1]: 158 24[1]: 34 27[1]: 583 32[1]: 256 33[1]: 114 36[1]: 278 
knows[1] 20[1]: 459 
knudsen[1] 18[1]: 70 
koenig[1] 32[1]: 189 
kong[1] 19[3]: 144 687 843 
konstantin[1] 32[1]: 541 
kosovichev[1] 6[1]: 259 
kostya[1] 30[1]: 36 
krauter[1] 34[1]: 423 
ksc[1] 0[2]: 409 871 
kwong[1] 11[1]: 631 
