l[1] 31[1]: 343 
la[1] 34[1]: 545 
lab[4] 12[1]: 314 28[2]: 243 606 31[2]: 117 335 33[1]: 49 
laboratories[1] 34[1]: 295 
laboratory[15] 2[1]: 479 3[1]: 373 4[1]: 75 7[1]: 668 8[1]: 454 10[3]: 228 313 424 11[1]: 160 12[1]: 347 14[1]: 589 18[1]: 64 19[1]: 184 31[1]: 525 34[1]: 535 35[1]: 21 36[1]: 218 
laboratorys[1] 10[1]: 329 
labs[2] 28[1]: 280 37[2]: 493 550 
lack[2] 4[1]: 596 29[2]: 398 419 
land[2] 0[1]: 539 1[1]: 401 
landing[2] 0[1]: 534 2[3]: 156 448 579 
language[1] 27[1]: 607 
languish[1] 29[1]: 135 
laptop[1] 37[1]: 26 
laptops[2] 26[1]: 201 37[1]: 121 
large[9] 0[2]: 527 651 5[1]: 307 7[1]: 228 15[1]: 21 24[1]: 318 29[1]: 494 30[1]: 497 34[1]: 138 36[1]: 137 
largearea[1] 37[1]: 440 
largely[3] 18[1]: 226 22[1]: 191 39[1]: 67 
larger[3] 29[1]: 266 31[3]: 16 197 229 32[1]: 475 
largescale[1] 32[1]: 597 
largest[2] 10[1]: 454 17[1]: 509 
larry[1] 21[1]: 87 
las[2] 8[1]: 707 27[1]: 578 
laser[1] 34[2]: 229 321 
last[7] 12[1]: 218 18[1]: 339 20[2]: 317 351 25[2]: 507 512 26[1]: 375 27[2]: 81 370 28[2]: 63 374 
lasted[2] 14[1]: 210 34[1]: 412 
lasting[1] 3[1]: 399 
lasts[3] 2[1]: 618 16[1]: 106 31[1]: 404 
late[4] 7[1]: 37 20[1]: 213 28[1]: 33 29[1]: 22 
lately[1] 26[1]: 564 
later[3] 14[1]: 140 17[3]: 33 149 676 28[1]: 376 
latest[3] 21[1]: 488 26[1]: 436 39[2]: 310 496 
lattice[2] 30[1]: 488 32[1]: 122 
launch[4] 0[9]: 3 53 71 113 148 447 477 493 648 1[10]: 8 84 190 267 286 291 308 331 355 365 4[3]: 142 483 804 20[1]: 322 
launched[4] 1[1]: 282 3[1]: 296 7[1]: 642 26[1]: 25 
launching[1] 21[1]: 273 
lavery[1] 2[1]: 587 
law[2] 20[2]: 448 484 27[2]: 195 541 
lawsuit[2] 23[3]: 70 153 183 26[2]: 29 432 
lawsuits[1] 26[4]: 216 460 496 523 
layer[4] 30[1]: 249 32[1]: 111 33[2]: 361 373 38[1]: 357 
layers[3] 2[1]: 406 32[1]: 320 33[1]: 322 
lazy[1] 22[2]: 0 18 
lcd[1] 37[7]: 83 218 275 336 372 418 477 
lcds[1] 37[3]: 102 191 204 
lead[10] 6[1]: 101 7[1]: 89 8[2]: 427 459 16[1]: 141 19[1]: 391 22[1]: 117 29[1]: 105 30[2]: 4 395 32[2]: 6 162 37[1]: 455 
leader[2] 21[1]: 276 25[1]: 569 
leaders[1] 25[1]: 168 
leading[5] 0[1]: 395 26[1]: 166 29[1]: 301 30[2]: 288 367 39[1]: 328 
leads[2] 16[4]: 164 203 481 509 29[1]: 495 
lean[1] 35[1]: 612 
leaning[1] 35[1]: 580 
leap[1] 33[1]: 11 
leapfrog[1] 6[1]: 432 
learn[1] 5[1]: 704 
learned[3] 6[1]: 78 9[2]: 310 631 35[1]: 209 
learning[1] 9[1]: 701 
least[8] 10[1]: 456 12[2]: 47 226 13[1]: 282 21[2]: 46 131 22[2]: 53 505 25[1]: 483 27[1]: 382 29[1]: 60 
leave[2] 13[1]: 303 21[1]: 683 
leaves[1] 17[1]: 828 
leaving[1] 28[1]: 185 
led[10] 3[1]: 135 5[1]: 120 7[1]: 192 16[1]: 273 17[1]: 126 19[2]: 279 845 33[1]: 282 36[2]: 71 261 37[1]: 515 39[1]: 144 
lefkowitz[1] 16[1]: 265 
left[4] 3[2]: 222 236 13[1]: 146 20[1]: 372 28[1]: 70 
leftkowitz[1] 16[1]: 359 
leftward[1] 17[1]: 534 
legal[2] 26[2]: 450 506 27[1]: 33 
leisure[1] 4[1]: 586 
lenovo[1] 21[1]: 491 
less[10] 0[2]: 199 225 4[1]: 132 8[1]: 356 12[2]: 28 113 14[2]: 211 522 18[2]: 194 322 25[1]: 56 26[1]: 585 27[1]: 18 31[2]: 250 276 
lessacidic[1] 2[1]: 243 
let[1] 37[1]: 133 
lets[2] 21[1]: 12 37[1]: 174 
letter[1] 22[1]: 386 
letters[2] 34[1]: 103 38[1]: 147 
letvin[1] 11[2]: 719 755 
level[2] 24[1]: 483 39[1]: 493 
leveling[1] 4[1]: 733 
levels[2] 14[2]: 132 196 16[1]: 118 
levi[1] 22[3]: 253 445 494 
lfi[1] 4[1]: 409 
lg[1] 26[1]: 412 
li[1] 22[1]: 120 
liao[1] 11[2]: 291 324 
license[2] 23[1]: 492 26[1]: 156 
licenses[2] 23[1]: 427 26[1]: 178 
licensing[2] 25[1]: 257 26[2]: 170 594 
life[6] 2[2]: 250 566 9[1]: 710 12[1]: 200 19[4]: 230 272 401 818 21[2]: 44 163 24[1]: 402 
lifeblood[1] 26[1]: 221 
lifecycle[1] 4[1]: 405 
lifetime[1] 3[1]: 130 
light[7] 5[6]: 34 62 261 520 592 600 7[3]: 146 360 600 8[4]: 107 206 265 617 30[5]: 2 71 98 193 244 34[4]: 209 210 223 322 35[1]: 191 37[6]: 94 166 170 231 311 361 
lighter[1] 31[6]: 1 48 171 188 280 369 
lightharvesting[1] 30[1]: 256 
lights[1] 6[1]: 154 
lightyears[1] 8[4]: 89 484 491 520 
like[19] 0[3]: 514 716 786 2[2]: 325 574 3[3]: 286 305 356 4[2]: 111 558 6[1]: 237 8[4]: 186 247 375 529 9[1]: 227 11[1]: 237 17[1]: 394 20[1]: 100 21[1]: 670 23[1]: 211 25[1]: 477 27[2]: 340 364 28[4]: 254 355 499 629 33[2]: 130 407 35[2]: 423 443 36[1]: 483 37[1]: 386 
likely[13] 5[1]: 68 7[1]: 410 10[1]: 275 14[1]: 523 15[1]: 431 16[1]: 365 18[1]: 436 19[2]: 614 668 20[2]: 328 464 21[1]: 657 23[2]: 271 298 26[1]: 580 36[1]: 307 
liking[1] 29[1]: 482 
limb[1] 4[1]: 324 
limited[4] 0[1]: 312 1[1]: 252 19[1]: 799 24[1]: 293 
limits[2] 6[1]: 548 35[1]: 81 
line[3] 17[1]: 578 22[1]: 396 23[1]: 91 
lineages[1] 10[1]: 367 
lined[1] 27[1]: 387 
lines[1] 22[1]: 382 
link[2] 17[1]: 789 34[1]: 2 
linked[3] 2[1]: 422 7[1]: 582 17[1]: 186 
linkedin[1] 20[1]: 144 
links[1] 18[1]: 480 
linux[1] 24[1]: 467 
liquid[4] 0[1]: 571 33[1]: 144 36[1]: 535 37[2]: 104 145 
liquidlike[1] 32[1]: 489 
lisa[1] 13[1]: 94 
list[3] 8[1]: 595 9[1]: 244 32[1]: 295 
literally[1] 6[1]: 339 
litigation[1] 26[5]: 151 243 308 321 354 
litigations[1] 26[1]: 297 
little[6] 4[1]: 212 8[1]: 205 21[1]: 690 27[1]: 17 29[1]: 20 30[1]: 192 
live[3] 10[1]: 190 14[1]: 385 25[1]: 189 
lived[1] 17[1]: 344 
lives[1] 20[1]: 84 
living[3] 10[1]: 203 15[1]: 76 21[1]: 39 
lizard[1] 32[1]: 363 
llc[1] 4[1]: 78 
loaded[1] 1[1]: 159 
loading[2] 0[1]: 610 4[1]: 612 
local[2] 18[2]: 245 277 25[1]: 174 
locality[1] 12[1]: 215 
located[3] 5[3]: 50 258 651 6[1]: 461 35[1]: 552 
location[2] 2[1]: 22 4[1]: 439 
locations[3] 2[1]: 414 13[1]: 362 28[2]: 623 668 
lock[1] 28[1]: 195 
logic[1] 24[2]: 181 200 
loic[1] 27[2]: 237 290 
loicusers[1] 27[1]: 336 
london[1] 19[3]: 152 277 406 
long[9] 0[2]: 363 603 5[1]: 182 16[1]: 129 21[1]: 41 24[1]: 248 26[2]: 90 147 33[1]: 274 34[2]: 29 408 38[2]: 156 306 
longer[7] 2[1]: 465 3[1]: 126 8[1]: 131 13[1]: 259 15[1]: 283 31[1]: 408 33[1]: 239 
longestobserved[1] 18[1]: 95 
longstanding[1] 19[1]: 486 
longterm[4] 1[1]: 113 2[1]: 375 16[2]: 239 392 18[1]: 296 
look[8] 0[2]: 459 513 4[2]: 557 781 5[2]: 183 367 8[1]: 619 9[1]: 498 15[1]: 83 17[1]: 538 21[2]: 36 504 
looked[2] 9[1]: 71 20[1]: 99 
looking[7] 1[1]: 229 20[1]: 58 22[1]: 271 25[1]: 517 29[1]: 151 35[1]: 562 38[1]: 161 
looks[5] 2[1]: 324 4[1]: 273 11[1]: 222 21[1]: 669 23[1]: 1 
loos[1] 31[6]: 62 113 199 329 472 511 
loose[1] 35[1]: 367 
lop[1] 36[1]: 110 
lopped[1] 36[1]: 105 
los[3] 0[1]: 89 7[1]: 665 18[2]: 62 515 
lose[2] 2[1]: 489 31[1]: 266 
losing[1] 37[1]: 1 
loss[2] 18[5]: 117 127 139 168 334 21[1]: 275 
losses[1] 18[2]: 103 221 
lossoffunction[1] 15[1]: 65 
lost[4] 15[1]: 104 20[4]: 5 61 206 456 28[1]: 26 37[1]: 364 
lot[5] 4[1]: 765 22[1]: 213 24[1]: 281 25[1]: 530 33[1]: 202 
louis[1] 2[1]: 354 
lounge[1] 20[1]: 211 
love[1] 9[1]: 214 
low[5] 8[1]: 167 18[1]: 232 21[1]: 610 27[1]: 232 30[1]: 178 
lower[6] 0[1]: 273 8[1]: 668 14[1]: 518 17[2]: 730 749 21[1]: 288 25[1]: 541 
lt[1] 20[1]: 68 
lte[1] 26[1]: 82 
lulzsec[1] 27[3]: 522 523 622 
luminous[1] 7[1]: 467 
lumpy[1] 3[1]: 198 
lunchtime[1] 28[1]: 471 
lung[1] 16[1]: 341 
