m[1] 11[1]: 163 
macaques[1] 11[1]: 734 
macbook[1] 21[1]: 469 
machinery[1] 15[1]: 242 
macromolecular[1] 31[2]: 70 316 
madden[1] 24[1]: 112 
maddens[1] 24[1]: 157 
made[8] 0[1]: 684 2[2]: 356 549 11[1]: 268 17[1]: 589 18[1]: 99 19[1]: 571 35[3]: 239 248 266 39[1]: 193 
magellan[1] 8[1]: 704 
magic[1] 6[1]: 476 
magistrate[1] 27[1]: 105 
magnetic[3] 3[2]: 243 430 6[2]: 213 225 34[1]: 559 
magnetism[2] 6[1]: 183 7[1]: 337 
magnetometers[1] 34[2]: 563 565 
magnitude[1] 32[1]: 474 
main[2] 0[1]: 561 30[1]: 406 
mainstream[1] 37[1]: 422 
maintain[2] 31[1]: 153 34[2]: 59 399 
maintained[1] 16[1]: 127 
maintaining[2] 24[1]: 80 34[2]: 85 290 
maintains[1] 29[1]: 102 
maintenance[2] 0[1]: 200 24[1]: 393 
majer[1] 38[2]: 252 496 
major[5] 10[1]: 284 25[1]: 72 26[1]: 296 29[1]: 99 30[1]: 161 
majority[1] 21[1]: 183 
make[12] 0[3]: 234 340 577 4[1]: 137 6[2]: 374 618 9[1]: 720 11[2]: 395 752 13[1]: 322 14[1]: 564 16[1]: 155 21[1]: 148 23[1]: 3 31[2]: 447 502 36[2]: 172 468 
makes[4] 5[2]: 146 513 18[1]: 422 19[1]: 43 21[1]: 296 
making[3] 11[1]: 124 20[1]: 195 35[1]: 198 
mammals[1] 17[1]: 603 
mammoth[1] 12[1]: 284 
mammoths[1] 12[1]: 203 
managed[2] 7[1]: 646 34[1]: 257 
management[2] 13[3]: 126 203 387 24[1]: 395 
manager[2] 1[1]: 216 2[1]: 472 
managing[2] 13[1]: 78 24[1]: 78 
manaszloczower[1] 31[3]: 313 334 526 
manchester[2] 30[2]: 22 208 32[1]: 533 
manipulate[2] 4[1]: 180 35[1]: 154 
manipulated[1] 34[1]: 330 
manipulating[1] 37[1]: 168 
manipulation[1] 4[1]: 337 
manipulations[1] 38[1]: 328 
manufacture[1] 33[1]: 76 
manufactured[1] 31[1]: 164 
manufacturers[2] 28[1]: 159 37[1]: 404 
manufacturing[4] 25[1]: 548 31[2]: 109 193 32[2]: 67 599 37[1]: 441 
many[14] 1[2]: 107 124 3[1]: 570 5[1]: 150 10[1]: 39 11[1]: 493 13[1]: 14 15[1]: 171 18[2]: 242 389 19[4]: 253 307 382 426 21[1]: 684 30[2]: 366 507 33[2]: 429 436 36[1]: 106 37[1]: 110 
marc[1] 25[1]: 27 
march[2] 2[1]: 571 7[3]: 38 471 541 
marcio[1] 31[1]: 61 
marilyn[1] 9[1]: 165 
marine[1] 10[1]: 468 
marisa[1] 13[1]: 154 
mark[1] 25[1]: 209 
marked[1] 22[1]: 392 
markedly[2] 29[1]: 265 36[1]: 414 
market[6] 21[1]: 500 24[2]: 216 223 25[1]: 500 26[1]: 441 29[2]: 141 219 31[1]: 214 
marketing[1] 29[1]: 459 
marketplace[1] 29[1]: 108 
markets[1] 0[2]: 301 882 
marks[1] 18[1]: 495 
marquee[1] 26[1]: 277 
mars[2] 0[1]: 507 2[9]: 1 16 24 106 221 450 557 592 613 
marshal[1] 27[1]: 409 
marshals[1] 27[1]: 386 
martian[1] 2[2]: 7 234 
martin[1] 32[1]: 194 
mascola[1] 11[1]: 629 
mass[6] 5[3]: 79 118 436 6[1]: 139 7[3]: 207 251 270 8[1]: 169 18[12]: 105 115 151 157 167 176 220 302 329 333 348 409 19[1]: 314 
masses[1] 5[1]: 453 
massive[2] 5[1]: 477 7[1]: 499 
massspectrometric[1] 19[1]: 605 
master[1] 0[1]: 406 
match[2] 4[1]: 339 19[2]: 554 568 
mated[1] 1[1]: 349 
mateo[1] 20[1]: 387 
material[10] 2[1]: 336 3[8]: 202 217 231 271 311 440 447 547 5[1]: 531 19[1]: 344 30[4]: 187 355 473 493 31[3]: 301 416 444 32[5]: 19 239 260 271 357 33[2]: 168 402 35[1]: 165 36[14]: 85 125 200 277 345 363 378 436 486 510 517 522 621 638 
materialized[1] 27[1]: 405 
materials[7] 31[4]: 60 101 189 362 32[2]: 255 298 33[1]: 470 35[1]: 115 36[6]: 47 141 312 389 600 668 37[2]: 250 283 39[4]: 109 257 290 458 
materialscience[1] 31[1]: 85 
matric[1] 33[1]: 310 
matter[2] 6[1]: 656 7[1]: 351 
matters[1] 16[1]: 156 
matthew[1] 27[1]: 438 
maturation[1] 11[1]: 658 
mature[1] 3[1]: 462 
matures[1] 30[1]: 336 
mauna[1] 8[2]: 685 699 
max[1] 34[1]: 451 
maxi[1] 7[2]: 181 688 
maximum[1] 31[1]: 284 
may[21] 0[1]: 554 2[1]: 559 4[1]: 7 5[2]: 296 579 6[1]: 64 7[3]: 67 266 347 8[2]: 494 563 10[1]: 279 11[3]: 194 613 660 13[1]: 257 16[2]: 297 346 17[1]: 13 21[2]: 102 152 22[1]: 20 23[2]: 287 372 24[1]: 104 27[2]: 13 198 28[1]: 198 29[1]: 454 32[1]: 5 33[1]: 247 
maybe[1] 17[1]: 481 
mccullagh[1] 28[1]: 38 
mcmaster[1] 12[3]: 5 36 95 
mcmasters[1] 12[2]: 167 288 
md[3] 1[1]: 225 7[1]: 655 11[2]: 146 292 
me[4] 4[1]: 608 8[1]: 548 17[1]: 480 32[1]: 205 
mean[2] 0[1]: 793 13[1]: 254 
means[6] 0[1]: 188 4[2]: 178 532 17[2]: 193 664 31[1]: 249 34[3]: 156 338 551 35[1]: 431 
meant[1] 26[1]: 559 
meanwhile[2] 22[1]: 264 35[1]: 388 
measure[1] 34[1]: 570 
measured[2] 17[1]: 571 32[1]: 307 
measurement[1] 4[1]: 377 
measurements[4] 1[2]: 234 405 17[2]: 591 633 32[1]: 416 34[1]: 556 
measuring[1] 6[1]: 440 
mechanical[3] 31[1]: 290 32[5]: 71 146 158 198 557 38[1]: 183 
mechanics[1] 34[1]: 111 
mechanism[2] 16[3]: 231 399 403 17[1]: 865 
mechanistic[1] 16[1]: 324 
medal[1] 22[1]: 308 
media[1] 28[1]: 221 
medias[1] 20[1]: 410 
medical[4] 11[3]: 14 19 23 14[1]: 226 17[1]: 366 19[1]: 389 
medicine[5] 11[4]: 167 175 297 723 12[1]: 396 14[1]: 259 16[1]: 271 19[1]: 505 
meet[4] 4[1]: 125 13[1]: 410 19[1]: 552 38[1]: 206 
meetings[1] 23[1]: 94 
meets[1] 38[1]: 247 
melechko[1] 35[2]: 110 646 
melting[1] 18[3]: 4 16 454 
member[2] 8[2]: 388 449 30[1]: 289 
members[4] 8[1]: 149 9[1]: 483 27[5]: 2 27 129 518 623 36[1]: 498 
membership[1] 27[1]: 186 
membranes[1] 32[2]: 79 562 
memory[2] 4[1]: 438 38[5]: 2 289 297 465 493 
men[2] 20[1]: 396 28[1]: 88 
mending[1] 15[1]: 339 
mental[1] 16[1]: 538 
mention[1] 28[1]: 153 
mercedes[1] 27[1]: 568 
mere[1] 15[1]: 297 
merge[2] 5[2]: 219 493 19[1]: 584 
merged[1] 5[2]: 362 374 
merger[2] 5[5]: 73 304 317 423 486 23[5]: 439 474 482 496 519 
mergers[1] 5[2]: 339 657 
mernild[1] 18[1]: 59 
met[1] 24[1]: 452 
metabolic[1] 10[3]: 89 105 394 
metabolism[1] 15[1]: 90 
metagenomics[1] 10[1]: 406 
metal[2] 35[1]: 502 39[3]: 321 440 482 
metalinsulatormetal[1] 33[1]: 389 
metallic[1] 30[3]: 62 90 219 
metals[1] 39[1]: 205 
meteorologists[2] 1[1]: 500 6[1]: 44 
meters[1] 10[1]: 45 
methane[1] 8[1]: 626 
method[4] 15[3]: 112 158 209 26[1]: 126 36[2]: 1 631 37[1]: 428 
methods[3] 12[2]: 162 176 31[1]: 500 34[1]: 497 
metres[1] 18[7]: 119 120 141 192 193 200 204 
mg[1] 21[1]: 75 
miami[1] 6[1]: 7 
michael[4] 8[1]: 444 11[1]: 675 12[1]: 84 23[1]: 554 
michigan[1] 17[1]: 40 
microbes[1] 10[3]: 69 304 483 
microbial[2] 2[1]: 565 10[2]: 104 399 
microchips[1] 38[1]: 28 
microelectronics[1] 32[1]: 586 
microg[1] 9[6]: 6 38 89 112 181 561 
microgravity[2] 4[1]: 501 9[3]: 76 414 525 
micromechanical[1] 32[2]: 392 481 
microns[1] 33[1]: 273 
microorganisms[2] 10[1]: 59 12[1]: 423 
microrobot[1] 33[1]: 483 
microscope[1] 19[1]: 733 
microscopic[2] 2[1]: 210 33[1]: 223 
microscopy[1] 39[2]: 456 502 
microsoft[3] 25[2]: 231 245 26[3]: 458 481 542 29[4]: 9 279 453 483 
microsofts[1] 25[1]: 258 
microsystems[1] 25[1]: 89 
microwave[1] 38[3]: 336 347 350 
microwaves[1] 38[3]: 120 275 436 
middle[1] 28[1]: 466 
middleaged[1] 22[1]: 210 
might[10] 0[1]: 575 2[2]: 174 506 3[1]: 303 4[1]: 556 13[1]: 347 16[1]: 383 17[1]: 401 20[1]: 435 22[2]: 5 280 27[1]: 317 
mild[1] 14[2]: 204 427 
mile[1] 1[1]: 380 
miles[3] 2[3]: 435 445 518 3[1]: 66 6[1]: 148 
milewide[1] 2[1]: 51 
military[1] 11[1]: 679 
milky[2] 5[1]: 30 7[1]: 281 
milling[1] 27[1]: 395 
million[7] 4[2]: 516 535 5[3]: 33 260 481 6[1]: 147 12[1]: 462 17[1]: 345 21[1]: 209 22[1]: 450 
millions[2] 7[2]: 246 319 37[1]: 182 
mimic[1] 28[1]: 601 
mind[1] 16[1]: 90 
minded[1] 21[1]: 526 
minerals[1] 2[2]: 172 239 
minimal[1] 13[1]: 414 
miniscule[1] 34[1]: 558 
minor[1] 5[4]: 316 338 422 485 
minute[1] 1[1]: 362 
minutes[1] 16[1]: 110 
miracle[1] 12[1]: 21 
miscarriages[1] 16[2]: 177 534 
misdemeanor[2] 20[1]: 391 28[1]: 102 
mismatch[1] 5[1]: 399 
missed[2] 21[1]: 173 29[1]: 28 
missing[3] 5[1]: 158 15[1]: 109 20[1]: 356 
mission[4] 1[2]: 11 390 2[2]: 391 500 4[1]: 104 8[1]: 2 
missions[4] 0[1]: 500 1[1]: 477 2[2]: 536 546 7[1]: 93 
missouri[1] 19[2]: 139 502 
mit[1] 10[1]: 436 
mittivakkat[1] 18[8]: 97 170 218 262 270 286 315 342 
mix[1] 4[1]: 154 
mmmm[1] 27[1]: 587 
mobile[4] 4[1]: 69 25[1]: 173 26[3]: 428 440 529 29[2]: 74 310 
mobility[2] 25[1]: 415 30[1]: 156 
mode[1] 21[1]: 589 
model[8] 0[1]: 143 11[1]: 72 13[2]: 171 191 16[1]: 82 17[4]: 352 377 445 454 19[2]: 462 487 24[1]: 407 25[2]: 113 253 
models[5] 1[1]: 509 10[1]: 242 13[1]: 218 21[1]: 570 34[1]: 467 
modems[1] 26[1]: 405 
moderate[1] 14[1]: 206 
modern[2] 12[1]: 68 17[4]: 74 111 141 269 
modified[3] 17[1]: 87 27[1]: 610 36[2]: 388 509 
modifying[1] 16[1]: 430 
modular[1] 0[1]: 698 
module[1] 7[1]: 705 
molded[1] 31[2]: 89 147 
molecular[5] 8[1]: 622 12[1]: 173 15[3]: 151 345 413 16[1]: 36 19[1]: 221 
molecule[2] 19[1]: 41 36[3]: 373 421 423 
molecules[6] 9[1]: 341 15[4]: 17 191 221 319 19[3]: 468 611 810 32[1]: 439 37[1]: 147 39[1]: 418 
momentum[3] 3[1]: 437 24[1]: 409 38[1]: 475 
money[2] 21[1]: 462 29[1]: 446 
monitor[4] 1[1]: 521 4[1]: 428 6[1]: 398 7[1]: 176 
monitoring[2] 1[1]: 137 6[1]: 632 
monitors[2] 36[1]: 547 37[1]: 120 
monolayer[1] 30[1]: 480 
monopoly[1] 4[1]: 709 
monterey[1] 10[1]: 426 
month[3] 22[1]: 346 25[1]: 508 27[2]: 263 371 
months[3] 16[1]: 286 29[2]: 159 255 36[1]: 107 
moon[1] 0[1]: 505 
morse[1] 8[1]: 116 
most[18] 0[1]: 818 1[1]: 37 3[1]: 117 5[2]: 343 662 6[2]: 457 603 7[2]: 234 525 8[2]: 299 607 9[1]: 31 14[1]: 199 16[1]: 364 17[1]: 511 19[2]: 613 667 22[1]: 200 25[1]: 144 28[1]: 251 29[5]: 200 227 393 438 468 32[1]: 16 36[3]: 118 401 574 
mostly[2] 0[1]: 705 26[1]: 465 
motion[2] 3[1]: 525 7[1]: 335 
motions[1] 6[1]: 344 
motorola[2] 25[3]: 409 414 424 26[1]: 283 
mouse[1] 17[1]: 836 
move[2] 1[1]: 343 36[1]: 370 
moved[3] 1[1]: 180 8[1]: 412 29[1]: 144 
movies[1] 3[6]: 1 12 159 336 355 522 
moving[3] 31[1]: 272 35[1]: 488 36[1]: 329 
much[17] 0[5]: 198 208 456 548 898 2[1]: 131 3[1]: 125 5[1]: 311 6[1]: 488 7[1]: 404 17[2]: 177 648 18[1]: 456 19[2]: 343 641 21[4]: 124 246 392 485 23[2]: 225 245 25[1]: 348 26[1]: 219 28[1]: 213 29[2]: 145 443 37[2]: 356 375 38[2]: 94 173 
multilayer[1] 32[1]: 456 
multiple[4] 0[1]: 235 2[1]: 213 13[1]: 483 14[2]: 106 422 
museum[1] 17[2]: 223 501 
must[3] 0[1]: 695 17[1]: 670 23[3]: 410 421 478 
mutations[1] 11[1]: 349 
my[3] 9[1]: 221 19[1]: 313 24[1]: 133 
mysteries[1] 1[1]: 23 
mysterious[1] 21[1]: 22 
mystery[1] 10[1]: 111 
mysticetes[1] 17[1]: 114 
