name[3] 20[1]: 188 24[1]: 184 27[1]: 224 
named[4] 2[3]: 54 95 274 3[1]: 482 23[1]: 82 27[1]: 230 
namely[1] 6[1]: 415 
names[1] 27[1]: 34 
nano[1] 33[1]: 0 
nanobud[1] 39[1]: 384 
nanobuds[1] 39[2]: 401 516 
nanocircuitry[1] 33[1]: 83 
nanofiber[1] 35[2]: 42 418 
nanofibers[1] 35[17]: 4 35 74 102 131 148 159 221 237 409 434 450 471 526 602 620 640 
nanolevel[1] 39[1]: 34 
nanometer[2] 33[1]: 265 39[1]: 519 
nanometers[1] 39[1]: 513 
nanometres[1] 39[1]: 230 
nanoparticles[1] 35[2]: 243 391 
nanoracks[1] 4[3]: 77 270 794 
nanoreactor[1] 39[1]: 79 
nanoreactors[1] 39[1]: 183 
nanoribbon[1] 39[1]: 270 
nanoribbons[1] 39[1]: 283 
nanoscale[2] 32[1]: 234 33[1]: 163 
nanosized[1] 39[1]: 359 
nanostructures[3] 30[4]: 63 230 305 444 32[1]: 422 39[2]: 63 224 
nanotechnology[1] 32[3]: 9 26 179 
nanotube[3] 31[2]: 295 539 33[1]: 334 39[9]: 1 208 211 338 351 393 409 450 486 
nanotubebased[1] 33[1]: 22 
nanotubes[4] 0[1]: 687 31[4]: 10 130 367 492 33[4]: 212 215 236 270 39[7]: 41 99 165 181 221 259 507 
narasimhaboddeti[1] 32[1]: 191 
narrow[2] 8[1]: 593 36[1]: 160 
nasa[7] 0[1]: 467 1[3]: 1 122 455 2[1]: 596 4[1]: 126 7[1]: 159 8[2]: 121 680 9[2]: 199 206 
nasal[1] 17[1]: 88 
nasas[8] 0[1]: 64 1[5]: 9 65 218 306 426 2[4]: 0 15 476 591 3[2]: 21 168 5[2]: 0 11 7[2]: 39 648 8[5]: 0 14 451 588 642 9[1]: 98 
national[11] 1[3]: 86 443 458 4[1]: 74 5[1]: 680 7[2]: 222 667 11[3]: 153 538 641 13[1]: 69 17[1]: 57 23[2]: 279 304 32[1]: 502 34[1]: 275 35[1]: 20 
natural[9] 1[1]: 525 10[1]: 398 11[4]: 286 365 404 546 12[4]: 63 368 408 491 14[1]: 392 16[1]: 138 19[2]: 129 525 30[1]: 297 32[1]: 571 
naturally[2] 25[1]: 75 33[1]: 467 
nature[11] 5[1]: 133 7[1]: 21 12[1]: 57 14[2]: 11 46 15[1]: 52 16[1]: 63 27[1]: 54 30[2]: 14 149 32[1]: 178 36[1]: 247 39[2]: 94 256 
navigate[1] 17[1]: 105 
navigation[1] 4[1]: 327 
nbi[1] 34[1]: 485 
nc[1] 35[1]: 120 
ncar[1] 13[1]: 224 
near[5] 5[1]: 51 7[3]: 231 411 557 8[2]: 525 691 9[2]: 293 354 37[1]: 382 
nearby[1] 18[1]: 424 
nearest[1] 5[2]: 3 42 
nearly[2] 7[1]: 485 8[1]: 59 
necessarily[1] 0[2]: 440 773 
necessary[3] 4[1]: 139 10[1]: 88 38[1]: 513 
necessity[1] 24[1]: 380 
need[9] 0[3]: 232 334 707 12[1]: 413 13[2]: 141 395 14[1]: 552 25[1]: 578 28[3]: 501 572 583 31[2]: 183 219 35[1]: 229 36[1]: 660 
needed[5] 18[1]: 474 24[1]: 383 31[1]: 243 32[1]: 569 36[1]: 40 
needs[1] 0[1]: 415 
negative[2] 9[1]: 329 18[2]: 327 346 
negatively[2] 9[2]: 321 350 35[2]: 301 379 
negativelycharged[1] 35[1]: 501 
negotiating[1] 23[1]: 215 
neighborhood[2] 8[1]: 479 20[2]: 90 234 
neighbors[1] 8[1]: 553 
neither[1] 29[1]: 370 
nelson[1] 11[1]: 674 
netherlands[1] 27[1]: 242 
network[2] 21[1]: 363 28[3]: 318 325 542 
networked[1] 25[1]: 104 
networking[1] 34[1]: 543 
networks[2] 27[1]: 484 28[1]: 530 
neuropsychiatric[1] 16[1]: 175 
neurotransmitters[1] 16[1]: 435 
neutralizing[1] 11[3]: 423 655 716 
nevada[1] 27[1]: 577 
never[1] 23[1]: 489 
neverbeforeseen[1] 3[1]: 250 
newer[1] 6[1]: 392 
newest[1] 26[1]: 431 
newly[3] 3[1]: 55 16[2]: 397 401 32[1]: 285 
news[2] 22[1]: 129 23[3]: 34 201 258 
next[16] 0[2]: 98 431 1[2]: 0 66 2[1]: 284 4[2]: 354 650 7[1]: 76 9[1]: 679 12[1]: 470 18[1]: 469 21[2]: 70 211 25[2]: 148 164 27[1]: 159 29[3]: 157 253 437 30[1]: 374 31[1]: 547 37[1]: 313 39[1]: 293 
nextel[1] 23[1]: 311 
ngc[1] 5[7]: 58 179 255 266 295 546 604 
niaid[1] 11[1]: 648 
nicholas[1] 33[1]: 305 
nickel[1] 35[3]: 242 390 516 
niels[2] 18[1]: 68 34[4]: 74 177 282 435 
nine[2] 1[1]: 315 8[2]: 482 490 
nintendo[1] 22[1]: 275 
nitrogen[1] 38[2]: 395 450 
nitrogencenters[1] 38[1]: 439 
nm[1] 7[2]: 233 670 
no[14] 4[2]: 620 732 5[3]: 94 609 620 9[2]: 234 705 13[1]: 258 15[1]: 282 17[1]: 565 21[1]: 270 23[1]: 31 27[5]: 177 183 462 467 585 28[1]: 203 33[1]: 393 36[1]: 651 37[1]: 32 38[1]: 242 
noaa[1] 1[2]: 463 499 
nobel[2] 30[1]: 27 32[1]: 524 
noble[1] 26[1]: 488 
nolan[1] 33[1]: 304 
non[1] 15[1]: 177 
nonaction[1] 22[1]: 315 
noname[1] 21[1]: 620 
nonliving[1] 19[2]: 208 703 
nonproteincoding[1] 15[3]: 163 287 407 
nontoxic[1] 33[1]: 487 
nor[2] 28[1]: 119 29[1]: 378 
noradrenaline[1] 16[2]: 422 445 
normal[4] 14[2]: 68 164 16[1]: 521 22[1]: 93 38[2]: 43 98 
norman[1] 11[1]: 718 
north[2] 18[1]: 446 35[1]: 13 
northern[1] 6[1]: 153 
noses[1] 5[1]: 141 
not[27] 0[3]: 69 439 772 3[1]: 280 4[6]: 503 580 623 706 728 798 5[1]: 459 6[2]: 69 638 10[2]: 247 307 11[5]: 195 532 552 566 621 12[1]: 296 13[1]: 396 14[1]: 162 15[6]: 120 263 294 300 378 447 16[4]: 67 208 279 307 17[4]: 27 122 201 796 18[1]: 381 20[7]: 158 173 192 260 296 305 441 21[5]: 29 79 263 284 656 22[5]: 87 157 351 423 430 23[1]: 515 24[4]: 253 305 417 425 25[3]: 266 377 567 26[1]: 610 27[4]: 4 151 189 401 28[2]: 99 151 29[5]: 4 383 409 481 500 32[1]: 242 34[1]: 531 36[1]: 208 
note[1] 24[1]: 140 
noted[4] 13[1]: 344 16[1]: 542 22[1]: 495 25[1]: 94 
notes[2] 23[1]: 358 24[1]: 239 
nothing[2] 21[1]: 261 33[1]: 193 
notice[1] 6[1]: 493 
noticeably[1] 17[1]: 381 
nottingham[1] 39[2]: 22 148 
novel[4] 16[2]: 230 311 30[1]: 471 35[1]: 49 37[1]: 67 
november[3] 7[1]: 644 26[1]: 386 27[1]: 172 
novoselov[2] 30[2]: 37 329 32[1]: 542 
now[21] 0[1]: 466 3[1]: 360 10[1]: 100 12[2]: 33 332 15[2]: 154 397 16[1]: 227 17[1]: 432 18[2]: 371 398 19[3]: 451 482 854 20[1]: 131 21[2]: 128 367 23[1]: 233 24[3]: 148 228 478 25[1]: 593 29[1]: 112 32[1]: 290 33[2]: 298 306 34[3]: 52 254 482 36[1]: 68 38[4]: 104 122 139 516 39[1]: 158 
npd[1] 29[1]: 179 
npds[1] 29[1]: 73 
npp[1] 1[15]: 10 27 94 121 151 193 214 236 279 338 385 420 464 480 503 
npps[1] 1[1]: 232 
nuclear[1] 38[1]: 492 
nucleases[1] 15[1]: 216 
nuclei[1] 38[1]: 479 
nucleus[1] 35[1]: 171 
number[10] 16[1]: 144 20[1]: 185 21[1]: 495 24[2]: 49 169 25[1]: 448 26[2]: 16 130 27[1]: 316 29[1]: 431 30[1]: 498 38[1]: 49 
numbers[3] 15[1]: 22 25[1]: 540 36[1]: 138 
numerous[3] 7[1]: 216 15[1]: 13 16[1]: 366 
ny[1] 2[1]: 119 
nylon[1] 9[2]: 143 319 
