oak[1] 35[1]: 18 
objected[1] 27[1]: 588 
objective[2] 4[1]: 737 9[1]: 398 
objectives[1] 13[1]: 412 
objects[2] 3[2]: 481 538 8[3]: 99 197 616 
obscured[1] 5[1]: 507 
obscuring[1] 5[1]: 530 
observable[1] 8[1]: 140 
observation[2] 11[1]: 692 18[1]: 462 
observations[6] 2[1]: 219 3[2]: 362 519 5[2]: 160 468 7[4]: 167 214 543 584 17[1]: 125 18[8]: 106 110 145 211 214 249 279 297 
observatories[1] 7[1]: 219 
observatory[3] 5[1]: 14 6[2]: 388 395 8[3]: 690 697 709 
observatorys[1] 7[1]: 225 
observe[5] 1[1]: 106 3[1]: 324 5[1]: 517 7[1]: 74 8[1]: 254 
observed[3] 8[1]: 135 9[1]: 284 18[3]: 125 138 197 
observing[1] 1[2]: 133 428 
obstetrics[1] 19[1]: 827 
obstructed[1] 35[1]: 460 
obtained[3] 14[1]: 136 19[1]: 706 20[2]: 420 495 
obvious[1] 27[1]: 546 
obviously[1] 25[1]: 206 
occlusion[1] 22[2]: 162 402 
occupy[1] 38[1]: 67 
occur[2] 11[1]: 142 18[1]: 438 
occurred[1] 5[1]: 487 
occurring[2] 1[1]: 139 19[1]: 223 
occurs[1] 7[1]: 387 
ocean[4] 1[1]: 402 6[1]: 243 10[8]: 48 121 176 200 262 290 303 450 18[1]: 448 
oceanic[1] 1[1]: 459 
oceanographic[1] 10[1]: 241 
oceans[2] 1[1]: 143 10[3]: 24 142 490 
oct[1] 1[2]: 354 359 
october[2] 1[1]: 83 20[2]: 333 345 
odontocetes[1] 17[1]: 79 
odyssey[1] 4[5]: 54 83 89 159 227 
off[9] 0[1]: 782 3[1]: 60 6[1]: 18 13[2]: 28 504 19[1]: 436 21[1]: 625 35[1]: 519 36[1]: 112 39[2]: 324 376 
offaxis[1] 4[1]: 352 
offer[3] 4[1]: 849 16[1]: 79 26[1]: 189 
offered[3] 20[1]: 280 23[1]: 160 24[1]: 398 
offering[1] 3[1]: 87 
offerings[1] 21[1]: 320 
offers[1] 21[1]: 535 
office[5] 0[2]: 390 393 13[1]: 162 26[1]: 113 28[1]: 241 37[2]: 496 553 
officer[1] 26[1]: 507 
official[1] 23[2]: 452 504 
officially[1] 21[1]: 25 
officials[2] 4[1]: 26 23[2]: 104 146 
offtheshelf[1] 22[1]: 56 
often[5] 7[1]: 492 9[1]: 695 10[1]: 189 13[1]: 365 35[1]: 512 
oftentimes[1] 17[1]: 415 
ohio[1] 31[1]: 95 
ohri[1] 14[3]: 21 256 340 
old[2] 5[1]: 279 20[1]: 368 
onboard[2] 6[1]: 380 33[1]: 486 
once[7] 3[1]: 445 4[1]: 638 8[1]: 577 15[1]: 373 19[1]: 565 25[1]: 381 38[1]: 89 
onchip[1] 33[1]: 82 
oncolytic[1] 14[2]: 337 412 
ondemand[1] 21[1]: 400 
oneatomthick[1] 30[1]: 247 
oneeye[1] 22[1]: 204 
ones[2] 4[1]: 113 33[1]: 394 
ongoing[1] 18[1]: 412 
online[8] 5[1]: 128 9[1]: 190 13[1]: 115 17[1]: 51 21[1]: 431 25[1]: 51 32[1]: 172 37[1]: 244 
only[25] 3[1]: 400 4[1]: 800 5[2]: 61 645 6[1]: 46 11[1]: 567 12[2]: 211 335 13[1]: 275 14[1]: 539 16[3]: 68 107 308 17[1]: 702 18[1]: 290 21[1]: 371 22[1]: 236 23[1]: 293 24[2]: 273 286 25[1]: 378 26[1]: 524 27[2]: 443 613 28[2]: 211 654 29[1]: 496 30[1]: 195 32[1]: 243 34[2]: 55 481 37[1]: 134 38[1]: 54 
onset[2] 16[1]: 371 24[1]: 375 
onto[3] 3[1]: 314 4[1]: 477 36[1]: 361 
open[3] 19[1]: 414 23[1]: 116 25[1]: 111 
opened[1] 12[1]: 450 
opening[1] 14[1]: 316 
openings[1] 17[1]: 806 
opensource[1] 27[1]: 297 
operability[1] 0[1]: 195 
operable[1] 0[1]: 286 
operate[2] 0[4]: 162 242 564 715 4[2]: 279 412 
operated[1] 7[2]: 658 690 
operates[2] 4[1]: 506 28[1]: 321 
operating[4] 4[1]: 521 17[1]: 867 21[1]: 574 29[6]: 36 123 174 376 416 513 
operational[2] 1[3]: 88 415 445 4[1]: 302 
operations[2] 0[2]: 342 724 38[1]: 523 
operators[1] 0[1]: 702 
opportunity[5] 2[12]: 3 18 41 113 159 173 271 310 415 432 474 527 4[2]: 651 773 29[1]: 30 35[1]: 633 38[1]: 520 
opportunitys[1] 2[1]: 374 
opposed[1] 14[1]: 286 
opposite[3] 3[1]: 70 9[1]: 333 38[1]: 384 
oppositely[1] 7[1]: 340 
optical[4] 5[1]: 519 7[1]: 430 30[3]: 56 235 438 34[1]: 1 
optics[1] 34[1]: 456 
optimal[1] 31[2]: 268 485 
optimized[1] 38[1]: 510 
option[4] 13[1]: 276 21[1]: 582 29[1]: 114 34[1]: 14 
options[1] 13[2]: 76 440 
optoelectronics[1] 30[1]: 431 
optometric[1] 22[1]: 267 
optometrist[1] 22[1]: 123 
optometrists[1] 22[1]: 390 
optometry[1] 22[1]: 258 
oracle[1] 26[3]: 453 470 543 
orbit[4] 0[2]: 739 826 1[1]: 384 9[1]: 492 27[1]: 233 
orbital[3] 0[1]: 308 4[1]: 395 7[1]: 672 
orbited[1] 9[1]: 618 
orbiters[1] 2[1]: 222 
orbits[1] 9[1]: 2 
orbs[1] 8[1]: 40 
order[3] 15[1]: 95 31[1]: 206 38[1]: 267 
orders[1] 32[1]: 472 
organic[3] 10[1]: 210 36[8]: 6 13 65 83 123 290 623 640 37[4]: 208 370 394 459 
organisms[3] 10[1]: 187 15[1]: 80 16[1]: 53 
organization[1] 19[1]: 351 
organizations[2] 14[1]: 638 24[1]: 319 
organize[1] 25[3]: 267 279 302 
organized[3] 25[1]: 272 26[1]: 537 27[1]: 92 
organs[1] 14[1]: 107 
original[1] 21[1]: 648 
os[1] 29[2]: 311 452 
other[29] 0[1]: 21 2[2]: 171 413 3[1]: 207 4[1]: 444 5[2]: 165 439 7[1]: 171 8[2]: 98 661 9[3]: 198 338 730 12[1]: 279 13[3]: 272 361 439 14[3]: 31 432 467 17[2]: 110 627 18[1]: 251 19[2]: 648 809 20[1]: 334 21[3]: 318 476 565 22[1]: 284 24[1]: 317 25[1]: 559 26[3]: 143 417 546 27[3]: 457 482 517 28[6]: 157 334 382 444 452 578 29[2]: 131 343 30[1]: 84 34[3]: 146 166 511 36[1]: 613 37[2]: 511 542 38[1]: 60 39[1]: 82 
others[5] 0[1]: 61 8[1]: 712 21[1]: 497 26[2]: 3 35 35[1]: 59 
otherwise[1] 30[1]: 169 
ottawa[1] 14[4]: 17 25 96 361 
our[21] 1[1]: 110 2[1]: 582 3[2]: 92 528 4[1]: 68 5[2]: 140 701 6[1]: 145 7[2]: 237 583 8[7]: 82 187 232 477 512 526 573 9[6]: 515 536 625 690 717 742 10[3]: 263 355 479 11[1]: 571 12[2]: 407 469 14[2]: 473 592 16[3]: 225 319 375 18[1]: 360 19[5]: 242 411 456 478 791 26[3]: 306 317 330 31[1]: 524 36[1]: 474 37[3]: 23 407 426 38[2]: 281 425 
ourselves[1] 12[1]: 401 
out[20] 0[2]: 243 732 2[1]: 381 3[1]: 349 4[1]: 537 8[2]: 413 554 9[2]: 176 242 10[1]: 87 12[3]: 181 426 440 13[2]: 215 235 14[1]: 599 15[2]: 69 98 17[1]: 439 19[1]: 729 21[6]: 17 90 321 410 459 653 23[2]: 101 176 25[2]: 212 456 28[2]: 136 343 34[1]: 161 36[1]: 507 38[4]: 81 239 293 470 
outages[1] 6[1]: 160 
outbreaks[1] 12[1]: 256 
outburst[1] 7[1]: 212 
outcomes[1] 13[1]: 435 
outcrops[1] 2[1]: 304 
outdoor[1] 37[1]: 310 
outer[3] 11[5]: 40 241 312 335 490 19[6]: 45 204 471 563 632 698 39[1]: 414 
outflow[2] 3[1]: 550 7[1]: 630 
outflows[1] 3[1]: 494 
outgoing[1] 7[1]: 390 
outlet[1] 37[1]: 37 
outlines[1] 16[1]: 228 
outperforms[1] 31[1]: 302 
outside[3] 17[1]: 746 19[1]: 573 39[1]: 407 
outstanding[1] 1[1]: 198 
oven[1] 8[1]: 380 
over[10] 1[1]: 204 2[1]: 503 3[6]: 111 121 151 191 263 506 16[2]: 128 285 17[2]: 329 473 19[1]: 77 22[4]: 167 341 368 394 23[1]: 352 26[5]: 4 183 211 360 382 34[1]: 28 
overactive[1] 15[1]: 26 
overall[2] 0[1]: 424 4[1]: 844 
overcome[1] 10[1]: 294 
overhype[1] 24[1]: 508 
overlaid[1] 35[1]: 261 
overland[1] 28[1]: 282 
overlay[1] 4[1]: 336 
owls[1] 17[1]: 802 
own[7] 0[1]: 579 4[1]: 260 7[1]: 238 9[1]: 263 20[1]: 473 31[1]: 112 37[3]: 12 98 532 
owned[2] 20[1]: 46 23[1]: 57 
owner[1] 20[1]: 462 
owners[1] 21[1]: 687 
oxide[1] 33[3]: 166 358 365 
oxygen[1] 0[1]: 580 
