p[1] 16[2]: 490 508 
pacific[1] 22[1]: 311 
pack[1] 33[1]: 2 
package[2] 4[2]: 213 857 21[1]: 314 
packing[1] 33[1]: 200 
pad[1] 1[2]: 304 346 
page[1] 23[1]: 152 
painstaking[1] 19[1]: 310 
paint[2] 3[1]: 530 33[1]: 381 
painted[1] 24[1]: 113 
pair[2] 5[10]: 4 18 39 232 249 290 327 540 554 691 9[1]: 141 
pairs[1] 5[2]: 155 349 
paleontology[1] 17[3]: 225 242 503 
palomar[1] 8[1]: 689 
panel[2] 36[1]: 543 37[1]: 235 
pang[1] 19[1]: 395 
pano[1] 24[2]: 180 199 
panoramic[1] 2[1]: 217 
paper[10] 7[1]: 617 8[2]: 431 463 10[2]: 239 476 13[1]: 109 17[2]: 47 685 20[1]: 93 32[1]: 166 33[2]: 45 296 35[1]: 126 36[1]: 237 
papers[1] 37[1]: 454 
parameters[1] 4[1]: 396 
parent[2] 8[1]: 268 36[3]: 311 445 516 
park[1] 28[1]: 283 
parrella[1] 27[3]: 439 460 508 
part[10] 4[2]: 100 265 9[1]: 96 11[2]: 233 238 12[3]: 300 365 405 13[1]: 366 17[1]: 180 18[1]: 48 23[1]: 323 36[1]: 119 38[1]: 453 
participants[1] 22[5]: 44 295 327 350 413 
participate[1] 9[1]: 229 
participated[2] 9[1]: 193 14[1]: 622 
participation[1] 4[2]: 10 562 
particles[1] 7[1]: 346 
particular[3] 6[1]: 570 15[2]: 15 23 16[1]: 353 
particularly[2] 0[1]: 650 15[2]: 181 456 
partner[1] 4[1]: 76 
partnership[1] 14[1]: 349 
parts[6] 3[1]: 386 8[1]: 421 28[1]: 296 34[1]: 218 38[1]: 514 39[1]: 127 
pasadena[2] 2[2]: 9 481 8[3]: 8 403 456 
pass[1] 37[1]: 142 
passengers[1] 0[1]: 742 
passing[1] 36[1]: 417 
past[5] 1[1]: 206 2[1]: 180 4[1]: 190 24[2]: 19 515 26[2]: 318 353 
patch[2] 6[1]: 517 22[1]: 166 
patches[1] 22[3]: 367 459 518 
patent[1] 26[9]: 27 65 77 83 100 110 121 373 522 
patents[2] 25[6]: 4 400 420 434 453 472 26[9]: 6 18 158 215 400 425 477 551 557 
path[1] 24[1]: 465 
pathogens[1] 11[1]: 209 
pathology[1] 15[1]: 143 
pathway[3] 10[1]: 106 11[2]: 137 219 16[4]: 37 312 355 479 
pathways[2] 11[3]: 605 659 750 16[1]: 367 
patients[3] 14[9]: 8 91 116 144 169 459 500 568 620 19[1]: 713 33[1]: 499 
patrick[1] 3[1]: 138 
patterns[2] 17[2]: 295 311 18[1]: 452 
paul[1] 27[1]: 107 
pause[1] 21[1]: 330 
pave[1] 38[1]: 22 
paves[1] 30[1]: 75 
pay[1] 0[1]: 861 
payload[1] 0[2]: 168 652 
paypal[1] 27[2]: 89 96 
pc[1] 24[1]: 81 
pcs[2] 24[1]: 98 29[1]: 46 
pdt[10] 20[1]: 10 21[1]: 11 22[1]: 9 23[1]: 13 24[1]: 8 25[1]: 8 26[1]: 9 27[1]: 8 28[1]: 9 29[1]: 8 
peak[2] 13[1]: 335 24[1]: 144 
peculiarities[1] 15[1]: 14 
peek[1] 3[1]: 89 
pending[1] 26[1]: 214 
penetrate[1] 5[1]: 528 
penetrates[2] 10[1]: 57 19[1]: 514 
penn[2] 0[9]: 87 158 177 348 583 675 763 768 862 7[2]: 85 662 
penns[1] 0[1]: 436 
people[8] 0[3]: 13 216 857 4[2]: 255 605 19[1]: 256 20[1]: 97 22[1]: 91 25[1]: 188 27[2]: 239 261 28[1]: 617 
pepi[1] 5[1]: 107 
peptic[1] 16[1]: 149 
per[5] 0[1]: 165 3[1]: 67 14[1]: 145 18[1]: 142 31[1]: 370 
percent[9] 7[1]: 356 10[1]: 27 19[1]: 358 22[1]: 378 23[3]: 19 163 247 24[2]: 93 95 29[9]: 77 138 189 223 233 242 329 402 497 36[1]: 484 37[3]: 349 358 471 
percentage[1] 29[2]: 326 362 
perception[1] 22[1]: 72 
perfect[2] 21[1]: 297 36[1]: 460 
perform[2] 10[1]: 61 15[1]: 61 
performance[8] 1[1]: 253 4[1]: 298 24[5]: 260 302 333 439 455 25[2]: 327 365 28[3]: 236 588 610 30[1]: 257 31[1]: 428 36[3]: 313 580 599 
performed[5] 8[1]: 297 9[3]: 122 375 395 11[1]: 728 20[1]: 251 28[1]: 380 
performs[3] 19[1]: 73 28[1]: 440 36[1]: 346 
perhaps[1] 27[1]: 173 
period[2] 3[1]: 154 12[1]: 220 
periods[1] 16[1]: 130 
permafrost[1] 12[3]: 151 270 466 
permission[2] 20[1]: 111 27[1]: 132 
persistent[1] 16[1]: 295 
person[2] 20[3]: 191 453 487 27[1]: 352 
peter[1] 11[1]: 630 
phase[3] 3[1]: 395 19[1]: 847 24[2]: 136 142 
phd[2] 6[1]: 94 11[1]: 293 
phenomena[1] 3[1]: 75 
phenomenon[4] 5[1]: 45 7[1]: 450 12[1]: 64 34[2]: 34 108 
phil[1] 6[1]: 535 
philip[1] 17[1]: 211 
phone[5] 20[1]: 289 23[1]: 61 28[5]: 180 439 486 516 620 29[14]: 2 17 75 128 184 204 217 258 292 324 373 388 413 504 37[1]: 0 
phonerelated[1] 4[1]: 801 
phones[3] 4[7]: 108 277 421 449 578 616 678 20[1]: 312 28[5]: 3 250 289 454 587 
photodetectors[1] 30[2]: 52 467 
photograph[1] 21[1]: 82 
photographic[1] 18[1]: 210 
photonics[1] 30[1]: 429 
photons[3] 34[3]: 213 234 350 37[1]: 475 38[2]: 278 344 
photos[2] 4[3]: 330 366 388 28[1]: 226 
photosynthesis[1] 10[1]: 62 
photovoltaic[1] 37[7]: 4 87 209 226 234 371 460 
photovoltaics[1] 37[1]: 395 
physical[3] 27[1]: 354 34[2]: 101 492 38[1]: 145 
physicist[1] 34[1]: 428 
physicists[2] 34[1]: 469 38[1]: 106 
physics[4] 6[1]: 540 9[2]: 84 250 30[2]: 349 415 32[1]: 527 
physiology[1] 15[1]: 91 
picture[3] 3[1]: 532 24[1]: 117 36[1]: 26 
piece[2] 9[3]: 135 287 495 17[1]: 315 
pieced[1] 6[1]: 173 
pillar[1] 35[1]: 427 
pilot[1] 22[2]: 291 439 
pinging[1] 28[1]: 517 
pinpoint[1] 16[1]: 4 
pint[1] 33[4]: 291 392 454 501 
pioneers[1] 10[1]: 338 
pittsburgh[1] 31[1]: 87 
pixel[1] 37[1]: 173 
pixels[1] 37[1]: 184 
place[6] 0[1]: 47 1[1]: 375 25[1]: 138 28[3]: 216 463 659 36[1]: 335 39[1]: 87 
placed[4] 1[1]: 153 32[1]: 348 34[2]: 135 309 35[1]: 280 
placement[1] 9[1]: 168 
places[1] 28[1]: 614 
plagued[1] 11[1]: 320 
plan[2] 0[2]: 407 417 21[2]: 356 405 
planck[1] 34[1]: 452 
planet[4] 0[2]: 223 330 6[2]: 146 306 10[1]: 461 12[1]: 372 
planetary[1] 3[1]: 472 
planets[1] 8[2]: 230 246 
planetsized[1] 6[1]: 180 
planned[4] 2[1]: 467 4[2]: 244 566 23[1]: 190 29[1]: 246 
planning[3] 0[1]: 387 13[1]: 124 29[1]: 192 
plans[4] 4[1]: 57 9[1]: 649 20[1]: 309 27[1]: 125 
plants[2] 12[1]: 210 33[1]: 87 
plasma[1] 6[2]: 188 427 
plasmonic[1] 30[4]: 229 253 304 443 
plasmonics[1] 30[2]: 285 300 
plateau[1] 22[1]: 429 
plates[1] 32[1]: 338 
platform[2] 25[1]: 162 26[1]: 469 
plausible[1] 7[1]: 526 
play[4] 3[1]: 410 15[1]: 435 22[2]: 105 328 35[1]: 212 
playbook[1] 21[1]: 672 
played[1] 22[1]: 356 
player[2] 16[1]: 237 28[1]: 222 
players[1] 24[1]: 171 
playing[1] 22[4]: 2 55 77 520 
plays[1] 16[1]: 39 
plea[1] 27[1]: 149 
plead[1] 27[1]: 3 
pleaded[1] 28[1]: 98 
pleasant[1] 30[1]: 319 
pleistocene[1] 12[1]: 223 
plos[2] 11[1]: 208 22[1]: 42 
pm[13] 14[1]: 13 15[1]: 6 16[1]: 11 17[1]: 10 18[1]: 9 19[1]: 7 20[1]: 9 21[1]: 10 22[1]: 8 23[1]: 12 27[1]: 7 28[1]: 8 29[1]: 7 
pohchoo[1] 19[1]: 394 
poinar[1] 12[2]: 94 445 
point[7] 0[1]: 855 6[1]: 513 7[1]: 380 21[1]: 279 29[1]: 67 36[1]: 295 37[1]: 329 
pointed[1] 25[2]: 546 596 
points[2] 6[1]: 133 21[1]: 89 
pointtopoint[1] 0[1]: 327 
polar[1] 1[2]: 383 436 
polarity[1] 9[1]: 344 
polarized[1] 37[1]: 130 
polarizer[1] 37[2]: 202 224 
polarizers[1] 37[6]: 5 88 153 297 337 367 
polarizing[1] 37[4]: 207 369 393 458 
polarorbiting[1] 1[2]: 87 444 
police[2] 20[9]: 1 13 65 101 127 166 183 220 245 27[1]: 201 
policies[1] 25[1]: 612 
pollution[1] 13[1]: 486 
polyurethane[1] 31[6]: 6 125 297 402 498 541 
polzik[1] 34[2]: 268 582 
poor[1] 28[2]: 595 602 
popular[1] 29[1]: 469 
population[1] 13[1]: 195 
populations[1] 13[1]: 280 
portfolios[1] 13[1]: 370 
portion[1] 9[1]: 654 
posited[1] 25[1]: 178 
position[4] 0[1]: 411 1[1]: 301 4[1]: 813 7[1]: 559 
positions[1] 24[1]: 277 
positive[2] 6[1]: 620 9[2]: 347 359 
positively[1] 35[3]: 312 354 372 
possess[1] 7[1]: 239 
possesses[1] 30[1]: 495 
possessing[1] 36[1]: 300 
possibilities[1] 19[1]: 417 
possibility[2] 16[1]: 379 32[1]: 208 
possible[12] 0[1]: 691 5[1]: 553 6[2]: 68 640 10[1]: 361 13[1]: 349 16[1]: 323 19[1]: 453 21[1]: 568 30[1]: 364 35[1]: 496 36[2]: 341 657 38[2]: 83 330 
possibly[2] 2[2]: 246 337 8[1]: 628 
post[2] 24[1]: 158 26[2]: 515 556 
postdoctoral[5] 7[1]: 197 17[2]: 167 428 31[1]: 64 36[1]: 188 37[1]: 447 
potential[7] 0[2]: 107 880 16[1]: 81 30[1]: 424 31[1]: 536 33[2]: 79 198 34[1]: 507 37[1]: 522 
potentially[4] 4[1]: 525 30[1]: 131 37[2]: 212 469 39[1]: 285 
pound[1] 0[2]: 120 166 
powell[1] 20[1]: 360 
powells[1] 20[1]: 405 
power[7] 0[1]: 317 6[1]: 159 13[2]: 91 353 21[2]: 546 634 30[2]: 109 206 33[3]: 86 98 488 37[1]: 353 
powered[1] 37[1]: 9 
powerful[7] 6[1]: 604 8[1]: 608 10[1]: 403 19[1]: 732 32[1]: 55 33[1]: 4 39[1]: 307 
powerhouse[1] 29[1]: 38 
powering[1] 0[1]: 680 
practical[3] 16[1]: 317 18[1]: 498 30[1]: 165 
practice[2] 27[1]: 424 34[1]: 530 
precipitation[1] 18[1]: 233 
precisely[3] 3[1]: 406 15[2]: 226 267 16[1]: 199 
preclude[1] 27[1]: 612 
precursor[1] 11[1]: 276 
predates[1] 12[1]: 66 
predators[1] 13[1]: 489 
predatory[1] 17[1]: 341 
predecessors[1] 11[1]: 591 
predict[3] 6[1]: 567 9[1]: 612 24[1]: 491 
predicted[3] 9[1]: 558 24[1]: 370 36[2]: 393 582 
predicting[1] 6[1]: 24 
prediction[2] 0[1]: 442 1[1]: 508 
predictions[2] 24[1]: 89 36[1]: 504 
predictive[1] 36[3]: 102 156 605 
predicts[1] 13[1]: 20 
predominant[1] 10[1]: 365 
prefer[1] 22[1]: 516 
preferentially[1] 14[1]: 396 
prelaunch[1] 1[1]: 240 
preliminary[3] 23[1]: 141 27[1]: 139 31[1]: 143 
prelude[1] 2[1]: 169 
premature[1] 24[1]: 489 
preparation[1] 1[1]: 191 
preparations[1] 1[1]: 80 
preparatory[1] 1[1]: 92 
preparing[1] 1[1]: 412 
presence[3] 4[1]: 511 29[1]: 95 39[1]: 200 
present[7] 2[1]: 431 12[1]: 267 15[1]: 19 18[1]: 81 28[1]: 456 38[1]: 506 39[1]: 447 
presentation[1] 0[1]: 103 
presentations[1] 24[1]: 26 
presents[1] 30[1]: 113 
preserved[1] 13[1]: 278 
preside[1] 23[1]: 351 
pressing[1] 25[1]: 391 
pressure[2] 17[1]: 411 23[1]: 374 
pressurized[1] 32[1]: 327 
pretrial[1] 27[1]: 488 
pretty[1] 21[1]: 661 
prevented[2] 11[1]: 368 19[1]: 743 
preventing[1] 35[1]: 469 
prevention[1] 16[1]: 84 
previous[4] 5[1]: 159 10[1]: 240 18[1]: 124 39[1]: 53 
previously[9] 1[1]: 440 9[1]: 192 11[2]: 529 542 17[2]: 30 651 18[1]: 19 19[2]: 94 533 20[1]: 168 30[1]: 103 39[1]: 400 
prey[1] 17[1]: 853 
price[2] 0[2]: 10 133 21[3]: 230 278 611 
prices[2] 0[1]: 851 23[1]: 133 
pricing[1] 21[1]: 266 
primarily[3] 10[1]: 182 14[1]: 484 32[1]: 499 
primary[2] 16[1]: 531 33[1]: 337 
primates[1] 11[2]: 289 467 
prime[2] 2[1]: 535 21[2]: 292 438 
principal[5] 2[2]: 110 347 12[1]: 72 18[1]: 350 22[1]: 250 37[1]: 289 
print[1] 37[1]: 258 
prior[2] 4[1]: 481 22[1]: 75 
priority[1] 24[1]: 307 
pristine[1] 10[1]: 381 
private[1] 25[1]: 608 
prize[2] 30[1]: 28 32[1]: 525 
probably[2] 21[1]: 682 24[1]: 487 
problem[11] 12[2]: 105 245 13[1]: 509 17[1]: 475 19[1]: 109 23[1]: 262 25[3]: 115 259 309 27[1]: 287 30[1]: 181 35[1]: 446 37[1]: 60 38[1]: 87 
problems[5] 13[1]: 497 19[2]: 374 424 28[1]: 407 30[1]: 213 38[1]: 51 
procedure[1] 19[1]: 723 
proceedings[1] 17[1]: 54 
process[7] 3[2]: 32 414 9[1]: 637 15[2]: 251 307 19[3]: 24 621 815 33[2]: 370 406 34[3]: 195 242 262 36[2]: 98 132 
processes[2] 3[1]: 119 37[1]: 442 
processing[4] 1[1]: 241 8[1]: 392 10[1]: 18 32[1]: 573 
processor[1] 38[2]: 286 291 
produce[4] 1[1]: 511 6[2]: 573 599 11[1]: 86 17[1]: 93 
produced[3] 1[1]: 196 3[1]: 368 36[1]: 480 
producing[2] 7[1]: 64 32[1]: 544 
product[2] 12[1]: 311 36[1]: 502 
production[4] 13[1]: 418 30[1]: 335 31[1]: 287 39[1]: 268 
productivity[1] 4[1]: 300 
products[4] 25[1]: 429 26[1]: 193 36[1]: 539 37[1]: 411 
prof[1] 6[1]: 534 
professor[15] 7[2]: 81 606 10[1]: 466 11[3]: 165 295 721 14[1]: 257 16[1]: 269 17[2]: 240 244 18[1]: 67 19[3]: 262 495 820 30[4]: 31 35 328 386 31[2]: 314 341 32[2]: 152 193 34[2]: 269 580 35[1]: 113 36[2]: 224 253 37[2]: 281 464 
profile[1] 20[1]: 145 
program[5] 2[1]: 588 9[2]: 103 714 11[1]: 682 12[1]: 482 37[1]: 488 
programme[1] 18[2]: 463 527 
progress[1] 21[1]: 381 
prohibited[1] 27[2]: 499 514 
project[7] 1[2]: 93 215 2[1]: 471 10[1]: 413 12[1]: 475 18[1]: 494 31[1]: 356 38[1]: 137 
projects[3] 4[1]: 187 32[1]: 510 37[1]: 543 
prolong[1] 32[1]: 401 
promise[4] 0[1]: 291 24[1]: 63 32[1]: 582 36[1]: 17 
promises[2] 24[2]: 250 511 33[1]: 25 
promising[3] 14[2]: 35 531 30[1]: 171 36[2]: 323 575 
promote[1] 15[1]: 37 
proofofconcept[1] 24[1]: 473 
propellant[1] 1[1]: 278 
properly[2] 22[1]: 159 28[2]: 322 551 
properties[8] 5[1]: 284 14[1]: 411 30[2]: 441 501 31[2]: 98 154 32[6]: 2 149 235 288 558 581 33[1]: 348 34[1]: 343 36[2]: 304 385 
property[2] 20[3]: 457 470 491 26[1]: 181 
proposal[2] 9[1]: 28 27[1]: 593 
proposed[3] 9[1]: 120 19[1]: 460 27[1]: 509 
propulsion[2] 2[1]: 478 8[1]: 453 
prosecute[1] 20[1]: 436 
prosecutor[1] 27[1]: 437 
prosecutors[1] 20[2]: 389 419 
prospect[1] 0[1]: 811 
prosperous[1] 21[1]: 43 
prostate[1] 16[1]: 339 
protect[1] 13[1]: 82 
protective[1] 11[1]: 422 
protein[4] 11[2]: 44 549 12[2]: 317 341 15[2]: 220 275 16[1]: 489 
proteincoding[1] 15[1]: 256 
proteins[4] 11[1]: 436 15[3]: 123 280 329 16[2]: 406 426 19[3]: 545 675 867 
protester[1] 27[1]: 404 
protests[1] 27[1]: 360 
protostar[1] 3[1]: 454 
prototype[3] 20[2]: 353 407 28[1]: 72 31[2]: 43 507 
protrusion[1] 39[3]: 360 367 389 
proves[1] 25[1]: 298 
provide[5] 0[2]: 304 419 3[2]: 2 25 7[1]: 22 16[1]: 321 19[1]: 121 
provided[4] 7[1]: 566 18[1]: 520 23[1]: 462 39[1]: 436 
provides[3] 4[1]: 745 11[3]: 180 568 706 34[1]: 509 
providing[4] 3[1]: 77 10[1]: 401 19[1]: 215 21[1]: 399 
proving[1] 9[1]: 476 
provost[1] 31[1]: 347 
proxima[1] 8[1]: 515 
public[3] 4[1]: 458 23[1]: 486 25[1]: 38 
publication[1] 14[1]: 267 
publicly[2] 20[1]: 306 26[1]: 499 
published[16] 10[1]: 146 11[1]: 202 12[1]: 51 13[1]: 114 14[1]: 9 16[1]: 59 17[1]: 50 19[1]: 29 22[1]: 34 32[1]: 171 33[1]: 56 34[1]: 96 36[1]: 241 37[1]: 254 38[1]: 140 39[2]: 90 254 
pull[1] 9[1]: 597 
pulled[1] 9[1]: 573 
pulse[2] 0[1]: 677 34[1]: 224 
punch[1] 33[1]: 5 
pundit[1] 24[1]: 110 
purchase[1] 29[3]: 153 194 248 
pure[3] 28[1]: 353 35[1]: 254 38[1]: 376 
purification[1] 32[1]: 576 
purified[1] 12[1]: 315 
purify[1] 36[1]: 493 
purkey[1] 13[2]: 158 377 
purposes[2] 27[1]: 447 33[1]: 496 
pursuing[1] 0[1]: 111 
push[2] 21[1]: 602 32[1]: 618 
put[3] 21[1]: 458 23[2]: 175 373 38[1]: 187 
putative[1] 11[1]: 588 
putting[3] 22[1]: 164 28[1]: 536 30[1]: 87 
puzzling[1] 17[1]: 472 
