qualities[2] 32[2]: 57 301 33[1]: 30 
quality[2] 28[4]: 256 392 559 597 29[1]: 522 
quantify[1] 32[1]: 331 
quantity[1] 8[1]: 290 
quantop[1] 34[3]: 279 294 432 
quantum[2] 34[9]: 0 9 26 110 220 427 455 517 525 38[25]: 1 8 31 39 64 113 127 149 169 182 190 225 244 264 314 319 339 362 381 418 426 428 458 482 502 
quantumcomputer[1] 38[1]: 27 
quarter[3] 21[1]: 212 26[5]: 256 263 275 290 338 29[1]: 87 
quest[1] 5[1]: 702 
question[3] 12[1]: 129 15[1]: 1 27[1]: 547 
questions[3] 10[1]: 40 15[1]: 59 28[1]: 571 
quick[1] 33[1]: 95 
quickly[2] 28[1]: 45 35[1]: 490 
quipped[1] 27[1]: 410 
quite[2] 26[1]: 358 38[1]: 325 
