radiation[2] 4[1]: 418 7[1]: 491 
radiationinduced[1] 4[1]: 429 
radically[1] 10[1]: 477 
radio[3] 6[1]: 156 7[6]: 218 223 385 550 575 616 28[1]: 447 
radioemitting[1] 7[1]: 588 
radiofrequency[1] 28[1]: 306 
radiology[1] 17[1]: 370 
radiometer[1] 1[1]: 44 
ragged[1] 2[1]: 303 
raise[1] 16[1]: 377 
raises[2] 16[1]: 112 27[1]: 544 
ramunas[1] 10[2]: 222 330 
ran[1] 0[1]: 125 
randomly[1] 23[1]: 348 
range[9] 1[1]: 399 6[1]: 151 17[1]: 637 18[1]: 276 19[1]: 178 21[1]: 424 26[1]: 191 28[1]: 666 30[1]: 362 
ranging[1] 32[1]: 314 
ranking[1] 4[1]: 25 
rapid[3] 0[1]: 204 7[1]: 334 18[1]: 369 
rapidfire[1] 27[1]: 111 
rapidly[5] 3[1]: 444 7[1]: 314 35[1]: 425 38[1]: 218 39[1]: 369 
rare[2] 18[1]: 283 36[1]: 590 
rarely[1] 11[1]: 141 
rate[2] 0[1]: 521 16[1]: 114 
rates[4] 0[2]: 211 888 30[1]: 137 31[2]: 457 463 33[1]: 451 
rather[4] 0[1]: 664 10[1]: 270 17[1]: 700 35[1]: 77 
rational[1] 36[1]: 594 
ray[1] 2[1]: 342 
re[2] 26[1]: 66 39[1]: 322 
reach[4] 2[1]: 440 6[1]: 500 7[1]: 154 35[3]: 499 507 598 
reached[1] 36[1]: 37 
reaching[1] 2[1]: 145 
react[2] 1[1]: 523 4[1]: 679 
reacting[1] 35[1]: 396 
reaction[1] 39[2]: 327 478 
reactions[3] 10[1]: 90 16[1]: 470 39[4]: 31 84 219 411 
reactors[1] 35[1]: 637 
read[2] 27[1]: 35 34[1]: 160 
readily[1] 36[1]: 402 
reading[1] 21[1]: 380 
ready[2] 0[1]: 875 21[1]: 433 
real[7] 9[3]: 706 723 727 27[2]: 178 184 28[2]: 613 616 32[1]: 202 34[1]: 540 37[1]: 410 39[1]: 488 
reality[1] 34[1]: 441 
realized[1] 7[2]: 106 522 
really[5] 2[1]: 147 4[1]: 743 9[1]: 687 17[1]: 484 25[1]: 222 
realworld[1] 28[2]: 425 622 
rearrangement[1] 16[1]: 512 
reason[1] 29[3]: 395 424 440 
reasons[5] 19[1]: 381 21[1]: 224 25[1]: 450 28[1]: 162 29[1]: 470 
received[2] 14[1]: 117 22[1]: 448 
receives[1] 20[1]: 490 
receiving[2] 26[1]: 593 28[1]: 547 
recent[8] 9[1]: 32 16[1]: 328 18[1]: 217 19[1]: 479 20[1]: 24 21[1]: 159 24[1]: 437 25[1]: 37 
recently[3] 5[1]: 560 26[1]: 510 39[1]: 249 
receptors[2] 11[6]: 62 378 448 508 666 702 16[1]: 473 
recession[1] 24[4]: 5 353 378 400 
recharged[1] 33[1]: 103 
recipe[1] 30[1]: 42 
recognise[1] 19[1]: 878 
recognises[1] 19[2]: 511 541 
recognized[1] 17[1]: 215 
reconnect[1] 15[1]: 244 
record[4] 1[1]: 487 8[1]: 339 18[4]: 102 126 198 332 26[3]: 251 286 331 
recordbreaking[1] 18[1]: 165 
recording[1] 3[1]: 309 
records[2] 1[1]: 127 34[2]: 6 83 
recover[1] 37[1]: 374 
recreated[1] 12[1]: 308 
recruit[2] 16[1]: 474 21[1]: 636 
recycling[1] 37[1]: 72 
red[1] 3[1]: 212 
redmondians[1] 29[1]: 51 
reduce[2] 13[2]: 289 373 16[1]: 384 
reduction[1] 26[1]: 304 
reductions[1] 16[1]: 334 
redwood[2] 20[1]: 380 28[1]: 80 
reed[1] 11[1]: 686 
reemitted[1] 34[1]: 239 
reference[1] 4[1]: 365 
referred[2] 8[1]: 159 22[1]: 15 
refinements[1] 6[1]: 660 
regardless[2] 22[1]: 496 25[1]: 574 
regime[1] 38[1]: 348 
regimes[1] 13[2]: 388 408 
region[4] 7[1]: 589 10[2]: 197 376 17[1]: 773 18[2]: 239 492 
regional[1] 23[2]: 277 290 
regions[1] 3[2]: 195 220 
regular[3] 6[1]: 631 37[1]: 303 38[1]: 400 
regulate[1] 33[1]: 91 
regulators[1] 23[1]: 218 
regulatory[1] 13[1]: 407 
rein[1] 24[1]: 73 
reinforced[1] 31[7]: 7 127 296 401 411 440 540 
reinforcing[1] 31[1]: 361 
rejected[1] 23[1]: 502 
relate[1] 26[1]: 464 
related[2] 17[2]: 35 202 26[3]: 19 78 426 
relates[1] 26[2]: 68 123 
relation[2] 15[1]: 32 38[1]: 309 
relationship[1] 4[1]: 87 
relative[1] 35[1]: 553 
relatively[1] 8[1]: 79 
relativistic[1] 7[1]: 452 
relay[1] 27[1]: 464 
release[2] 22[1]: 130 27[1]: 534 
released[4] 9[1]: 152 16[1]: 416 19[1]: 767 23[1]: 558 
relevant[1] 15[1]: 295 
reliability[1] 0[1]: 1 
reliable[3] 0[1]: 36 28[1]: 651 38[1]: 522 
reliably[1] 28[1]: 175 
relies[1] 35[1]: 68 
rely[3] 10[1]: 208 22[1]: 176 33[1]: 142 
remain[1] 7[1]: 68 
remaining[1] 10[1]: 41 
remains[1] 2[1]: 256 
remarkable[3] 2[1]: 603 32[2]: 144 216 39[1]: 223 
remarkably[2] 3[1]: 536 27[1]: 57 
remember[2] 28[1]: 61 38[1]: 301 
remnant[1] 5[1]: 70 
remorse[1] 21[1]: 692 
remote[1] 0[1]: 609 
remove[1] 11[1]: 430 
removed[1] 11[1]: 497 
renew[1] 34[1]: 383 
renewable[2] 13[1]: 368 36[1]: 647 
renowned[1] 14[1]: 44 
reorient[1] 4[1]: 816 
repair[1] 15[5]: 241 259 264 306 328 
repeat[1] 9[1]: 651 
repeated[2] 20[1]: 161 27[1]: 157 
repeatedly[2] 25[1]: 504 27[1]: 322 
repellent[1] 35[1]: 56 
replace[2] 21[1]: 452 32[1]: 130 
replaces[1] 33[1]: 169 
replicate[1] 14[2]: 239 395 
replication[1] 14[1]: 157 
report[6] 17[1]: 42 20[4]: 35 75 139 184 21[2]: 54 552 23[1]: 10 24[1]: 60 29[1]: 365 
reported[6] 14[1]: 34 21[2]: 98 338 23[1]: 37 24[1]: 87 28[1]: 12 33[1]: 61 
reportedly[1] 20[1]: 119 
reporters[1] 28[1]: 36 
reports[3] 16[1]: 329 20[2]: 314 335 21[1]: 562 
represent[1] 16[1]: 252 
representative[1] 18[1]: 235 
representatives[1] 20[1]: 216 
represents[1] 10[1]: 379 
reproduce[1] 10[1]: 97 
reproduction[1] 19[1]: 834 
reproductiveaged[1] 19[1]: 360 
repulsive[1] 32[1]: 436 
reputation[1] 23[1]: 363 
request[1] 26[1]: 615 
requests[1] 20[1]: 162 
require[2] 0[2]: 289 897 11[1]: 661 
required[2] 24[1]: 457 38[1]: 386 
requirements[2] 1[1]: 416 38[1]: 250 
requiring[1] 36[1]: 133 
research[23] 0[1]: 145 1[1]: 68 4[5]: 56 245 292 670 853 9[1]: 23 10[2]: 123 429 11[4]: 179 637 681 690 12[6]: 49 91 456 480 488 495 13[1]: 73 14[2]: 19 612 15[2]: 134 426 16[4]: 1 30 220 226 18[2]: 0 505 19[6]: 37 213 311 444 683 850 22[1]: 122 24[1]: 356 30[1]: 410 32[2]: 411 509 34[3]: 276 297 443 35[4]: 24 51 129 181 36[2]: 263 614 37[6]: 237 293 466 495 500 552 38[1]: 136 39[4]: 89 191 246 311 
researcher[6] 17[1]: 429 31[2]: 39 65 33[2]: 300 308 34[1]: 430 36[2]: 189 449 37[1]: 448 
researchers[23] 2[1]: 183 5[1]: 188 6[2]: 59 195 7[1]: 0 10[2]: 151 314 11[4]: 10 46 266 358 12[2]: 157 187 14[1]: 14 15[2]: 11 322 16[1]: 18 17[1]: 41 18[2]: 53 91 19[4]: 8 63 806 852 22[3]: 301 419 469 30[2]: 102 209 31[1]: 364 32[2]: 41 459 33[2]: 17 173 34[3]: 53 77 207 35[4]: 11 143 188 207 36[4]: 73 134 274 602 37[2]: 43 341 39[2]: 8 15 
researching[1] 9[1]: 184 
resemble[1] 33[1]: 222 
resembles[1] 39[1]: 394 
reserve[1] 31[2]: 37 80 
resident[1] 10[1]: 70 
resins[1] 31[1]: 306 
resistance[1] 12[11]: 0 18 41 60 99 117 136 237 362 388 455 
resistant[2] 11[1]: 354 12[1]: 190 
resolution[2] 4[1]: 172 39[1]: 499 
resonator[1] 38[2]: 337 351 
resonators[1] 32[1]: 75 
resource[1] 9[1]: 209 
resources[2] 13[2]: 80 123 21[1]: 542 
respectively[1] 18[1]: 184 
respond[3] 14[1]: 111 16[2]: 96 441 20[1]: 159 
responded[1] 26[1]: 612 
responders[1] 1[1]: 520 
response[4] 11[2]: 68 255 16[4]: 104 120 139 433 18[2]: 407 485 27[1]: 94 
responses[1] 11[1]: 89 
responsible[3] 10[1]: 281 19[1]: 671 27[1]: 525 
rest[4] 4[1]: 64 17[1]: 776 30[1]: 198 31[1]: 475 
restricted[1] 4[1]: 18 
restricting[1] 39[1]: 68 
result[7] 5[1]: 224 7[1]: 115 11[1]: 346 15[1]: 304 16[1]: 172 28[2]: 354 497 29[1]: 211 
resulted[1] 5[1]: 321 
resulting[1] 15[1]: 385 
results[15] 3[1]: 529 9[3]: 14 271 437 10[1]: 124 11[1]: 461 14[3]: 0 36 529 15[1]: 309 16[2]: 320 376 18[1]: 362 19[1]: 661 22[2]: 29 153 27[1]: 136 30[1]: 420 31[1]: 288 34[1]: 94 38[2]: 133 303 
retaining[1] 33[1]: 134 
retardation[1] 16[1]: 539 
retreat[1] 18[1]: 416 
retreated[1] 18[1]: 190 
retreats[1] 18[1]: 257 
retribution[1] 27[2]: 267 280 
return[3] 4[1]: 645 20[1]: 286 26[2]: 326 344 
returns[1] 4[1]: 851 
reusable[1] 0[2]: 38 284 
reuse[1] 0[1]: 0 
reuters[1] 23[5]: 36 84 156 235 356 
reveal[2] 6[2]: 301 317 9[1]: 78 
revealed[3] 8[1]: 275 9[1]: 607 19[1]: 0 
revenue[1] 25[1]: 312 
revenues[1] 26[3]: 252 287 332 
reversed[1] 22[1]: 238 
review[3] 23[1]: 442 34[1]: 102 38[1]: 146 
reviewing[1] 23[1]: 437 
revised[1] 0[1]: 405 
revived[1] 12[1]: 344 
revolutionary[1] 0[1]: 673 
revolutionize[1] 32[1]: 584 
reward[1] 20[1]: 283 
rf[1] 28[1]: 305 
rhenium[1] 39[2]: 320 344 
rhesus[1] 11[1]: 733 
rice[2] 3[1]: 141 33[4]: 15 48 259 287 
rices[1] 33[1]: 159 
rides[1] 35[1]: 412 
ridge[2] 2[1]: 263 35[1]: 19 
ridges[1] 2[1]: 252 
right[9] 5[1]: 138 6[1]: 528 11[1]: 609 17[1]: 461 21[2]: 282 309 25[1]: 592 31[1]: 150 35[3]: 572 581 589 37[1]: 533 
rigid[1] 31[1]: 173 
rigorous[1] 17[1]: 554 
rim[1] 2[6]: 48 90 229 261 269 285 
rims[1] 21[1]: 671 
ripped[1] 7[1]: 294 
risaliti[1] 5[1]: 675 
rise[1] 17[1]: 138 
rishikof[1] 4[7]: 162 215 486 530 637 684 725 
risk[1] 16[1]: 333 
risks[1] 28[1]: 171 
river[1] 13[2]: 187 461 
rna[1] 15[4]: 16 190 318 363 
roadblocks[1] 11[1]: 314 
roaming[1] 4[1]: 603 
roaring[1] 6[1]: 340 
robert[4] 16[1]: 263 20[1]: 358 33[1]: 52 38[1]: 443 
robot[1] 2[1]: 32 
robotic[1] 2[1]: 191 
robust[1] 33[1]: 65 
rock[1] 2[6]: 58 92 102 206 225 327 
rocket[1] 1[2]: 317 352 
rocks[1] 2[2]: 128 363 
roger[1] 22[1]: 119 
role[5] 3[1]: 408 15[1]: 438 16[1]: 42 32[1]: 388 35[2]: 215 227 
roles[1] 0[2]: 375 762 
roll[1] 36[1]: 31 
ron[1] 9[1]: 373 
room[3] 1[1]: 184 8[1]: 353 28[1]: 672 
rooms[1] 28[1]: 385 
ross[1] 8[1]: 502 
rotor[1] 31[1]: 247 
rotors[1] 31[1]: 198 
round[1] 9[1]: 33 
roundup[1] 20[1]: 350 
route[1] 35[1]: 497 
routers[1] 26[1]: 206 
routine[1] 6[1]: 665 
routinely[1] 11[1]: 622 
rove[1] 2[1]: 611 
rover[1] 2[7]: 2 17 379 456 496 530 584 
rovers[1] 2[5]: 190 209 345 511 594 
rubber[1] 9[4]: 137 290 408 578 
rubbing[1] 9[2]: 133 315 
rui[1] 37[1]: 444 
rumor[1] 20[1]: 349 
rumors[1] 21[1]: 227 
run[2] 4[4]: 312 519 526 568 25[1]: 445 
running[2] 9[1]: 297 37[1]: 27 
runs[1] 13[1]: 85 
runway[1] 0[3]: 362 542 785 
rush[1] 35[1]: 505 
rustling[1] 17[2]: 826 833 
