s[5] 3[1]: 497 4[1]: 94 12[1]: 249 25[2]: 92 461 29[1]: 218 
sacrificing[1] 30[1]: 266 
safe[2] 0[1]: 606 28[1]: 475 
safer[1] 28[1]: 200 
safety[1] 14[1]: 487 
sage[1] 20[1]: 400 
sailing[1] 9[2]: 523 529 
sale[1] 21[1]: 257 
salesforce[1] 25[1]: 515 
salesforcecoms[1] 25[1]: 23 
salesforces[1] 25[1]: 71 
salmon[1] 13[10]: 7 12 45 84 194 256 279 359 477 506 
same[12] 0[1]: 239 4[2]: 220 585 7[1]: 634 12[2]: 303 324 14[1]: 581 17[2]: 529 862 21[2]: 506 515 22[1]: 362 24[2]: 107 367 27[1]: 144 37[1]: 537 38[1]: 73 
sample[1] 17[1]: 642 
samples[1] 32[2]: 443 457 
samsung[1] 26[1]: 455 
samueli[1] 37[1]: 48 
san[7] 8[1]: 692 9[1]: 55 14[1]: 367 20[6]: 11 63 125 218 243 386 25[1]: 9 27[3]: 9 368 414 28[2]: 29 679 
sandoval[1] 28[1]: 41 
sandwiched[1] 37[1]: 149 
sarrel[1] 24[1]: 435 
sat[1] 25[1]: 16 
satellite[3] 0[1]: 632 1[11]: 3 69 90 176 199 270 377 389 437 447 490 7[1]: 41 
satellites[3] 1[4]: 103 135 431 450 4[2]: 818 834 33[1]: 522 
savings[1] 24[2]: 263 390 
saw[2] 2[1]: 302 3[1]: 172 
saying[3] 20[1]: 54 25[4]: 243 353 549 601 29[1]: 318 
says[7] 0[1]: 6 6[4]: 90 451 530 647 12[1]: 446 20[1]: 485 21[1]: 553 35[2]: 107 647 38[1]: 253 
scale[1] 33[1]: 178 
scaleable[1] 33[1]: 417 
scaling[1] 32[1]: 369 
scanned[1] 8[1]: 91 
scanning[1] 8[1]: 314 
scans[1] 17[1]: 356 
scenario[2] 0[1]: 72 23[1]: 265 
scenarios[1] 13[2]: 211 231 
schedule[1] 1[1]: 203 
scheduled[2] 1[2]: 341 357 20[1]: 416 
scherrer[1] 6[1]: 536 
schmidt[1] 25[21]: 1 15 76 93 139 177 214 224 238 260 294 335 336 373 401 437 469 493 545 575 595 
schmidts[1] 25[1]: 36 
school[8] 9[3]: 648 680 703 11[2]: 24 173 17[1]: 367 19[1]: 503 27[1]: 451 31[1]: 326 37[1]: 49 39[1]: 140 
schools[1] 22[1]: 255 
schwer[1] 1[1]: 213 
science[14] 1[4]: 61 259 409 468 2[1]: 369 4[1]: 1 6[1]: 251 8[1]: 386 9[4]: 169 216 678 724 10[2]: 170 238 12[1]: 55 19[2]: 35 390 31[2]: 71 317 32[1]: 503 35[1]: 116 37[2]: 54 284 39[1]: 459 
sciencedaily[10] 30[1]: 8 31[1]: 11 32[1]: 11 33[1]: 13 34[1]: 7 35[1]: 9 36[1]: 11 37[1]: 14 38[1]: 3 39[1]: 10 
sciences[4] 7[1]: 673 12[1]: 492 17[2]: 60 247 19[2]: 273 402 
scientific[8] 1[1]: 233 9[1]: 9 12[1]: 80 16[1]: 215 32[2]: 518 614 34[1]: 99 38[1]: 143 39[1]: 54 
scientist[3] 1[1]: 20 7[1]: 90 14[1]: 254 
scientists[20] 1[1]: 483 2[1]: 201 3[1]: 134 4[1]: 652 5[1]: 319 7[1]: 160 8[2]: 10 284 9[1]: 726 11[1]: 380 12[2]: 10 34 13[1]: 59 15[1]: 60 16[2]: 2 22 17[1]: 127 19[2]: 81 735 30[1]: 30 32[1]: 531 36[1]: 93 38[1]: 158 39[3]: 17 313 467 
scope[1] 24[1]: 294 
scores[1] 22[1]: 73 
scoring[1] 31[1]: 140 
scotch[1] 32[1]: 350 
scott[1] 32[1]: 153 
screen[1] 4[1]: 175 
screens[1] 37[2]: 84 118 
scripps[1] 16[3]: 0 29 223 
sczyrba[1] 10[1]: 327 
sdo[1] 6[2]: 396 591 
seals[1] 39[1]: 374 
search[3] 20[7]: 3 25 113 178 254 270 424 29[1]: 477 36[1]: 60 
season[1] 13[1]: 336 
sebastian[1] 18[1]: 58 
second[10] 0[2]: 612 628 1[2]: 323 364 2[1]: 155 3[1]: 68 7[1]: 189 12[1]: 337 20[1]: 482 28[1]: 15 29[1]: 86 34[2]: 67 369 
seconds[1] 6[1]: 438 
secret[2] 21[1]: 115 28[1]: 23 
section[1] 2[1]: 266 
sector[1] 25[2]: 572 609 
secure[1] 34[1]: 18 
security[1] 20[2]: 21 250 
sedimentary[1] 2[1]: 326 
sediments[1] 17[1]: 413 
see[9] 3[2]: 106 376 4[1]: 749 6[2]: 264 370 8[1]: 62 9[2]: 162 487 19[1]: 750 20[1]: 346 22[2]: 142 410 35[2]: 145 202 
seeing[2] 21[1]: 60 25[1]: 153 
seeking[1] 13[1]: 433 
seem[2] 21[1]: 153 24[1]: 503 
seemed[1] 36[1]: 306 
seemingly[1] 32[2]: 299 365 
seems[2] 6[1]: 454 30[1]: 295 
seen[7] 2[3]: 104 139 312 5[1]: 629 7[3]: 102 459 536 12[1]: 101 18[1]: 373 22[2]: 89 398 30[1]: 477 
segal[1] 23[1]: 342 
segments[1] 15[1]: 337 
seigler[1] 21[1]: 76 
seis[1] 13[1]: 160 
seismic[1] 6[1]: 293 
select[1] 28[1]: 370 
selected[5] 2[1]: 371 4[1]: 151 9[1]: 107 17[1]: 559 22[1]: 302 
selectively[2] 14[2]: 238 310 15[2]: 114 160 
selfassemble[1] 33[1]: 216 
selfcontained[1] 33[1]: 231 
sell[1] 21[2]: 200 208 
selling[1] 20[1]: 404 
semiconductor[1] 36[3]: 66 84 291 
semiconductors[1] 36[4]: 7 14 325 624 
send[1] 4[1]: 91 
sending[2] 4[1]: 447 28[1]: 545 
senior[4] 2[1]: 455 10[1]: 234 14[2]: 253 263 20[1]: 133 
sense[2] 4[3]: 543 549 560 21[1]: 298 
sensitive[4] 6[1]: 458 8[1]: 111 27[1]: 536 34[1]: 564 
sensor[1] 4[2]: 357 360 
sensors[2] 33[1]: 439 39[1]: 125 
sensory[1] 16[1]: 438 
separate[4] 4[1]: 308 5[1]: 192 23[1]: 444 34[2]: 124 311 
separated[1] 5[2]: 59 597 
separating[1] 5[1]: 97 
separation[1] 32[1]: 78 
separations[1] 32[1]: 565 
sept[1] 11[1]: 205 
september[14] 10[2]: 12 167 11[1]: 8 12[1]: 8 13[1]: 8 20[2]: 8 343 21[1]: 9 22[1]: 7 23[1]: 11 24[1]: 6 25[1]: 6 26[1]: 7 27[1]: 6 28[1]: 7 29[1]: 6 
sequence[2] 15[2]: 350 360 19[1]: 162 
sequenced[1] 10[1]: 345 
sequencing[1] 10[1]: 390 
serendipitous[1] 39[1]: 195 
sergeant[1] 20[1]: 129 
sergio[1] 20[1]: 81 
series[3] 8[1]: 438 16[1]: 466 19[1]: 556 
serious[2] 23[1]: 541 29[1]: 458 
serpentlike[1] 17[1]: 340 
serve[2] 31[1]: 351 36[1]: 608 
servers[1] 27[1]: 531 
serves[2] 1[1]: 421 35[1]: 270 
service[2] 23[1]: 35 27[1]: 380 
services[2] 0[1]: 323 27[2]: 339 489 
servicing[1] 0[1]: 904 
serving[1] 35[1]: 393 
sessions[1] 24[1]: 53 
set[2] 20[1]: 339 29[1]: 262 
sets[3] 6[1]: 346 34[1]: 3 39[1]: 323 
setting[3] 4[1]: 490 12[1]: 348 34[1]: 81 
settled[1] 36[1]: 204 
settlement[1] 23[1]: 382 
seven[3] 14[2]: 93 141 19[1]: 368 36[3]: 322 398 561 
seventh[2] 8[1]: 497 18[1]: 525 
several[12] 0[1]: 432 2[1]: 197 3[1]: 193 14[1]: 30 16[1]: 327 23[1]: 284 25[1]: 196 26[2]: 416 484 32[1]: 471 36[1]: 552 37[1]: 541 38[2]: 68 175 
severe[1] 27[1]: 58 
sex[1] 16[2]: 460 523 
sf[1] 20[2]: 0 79 
shag[1] 33[1]: 224 
shape[2] 31[2]: 151 269 35[1]: 2 
share[5] 2[1]: 418 4[1]: 690 9[1]: 675 29[1]: 220 31[1]: 222 
shareholders[1] 26[2]: 230 349 
sharpness[1] 3[1]: 102 
she[5] 9[2]: 202 545 13[1]: 513 17[6]: 254 312 331 463 489 545 23[1]: 360 31[1]: 337 
sheet[1] 18[1]: 427 
sheets[2] 32[2]: 313 454 37[1]: 131 
sheffield[1] 18[2]: 36 511 
sheffields[1] 18[1]: 43 
shell[1] 19[1]: 658 
shine[2] 34[1]: 227 35[1]: 190 
shining[2] 8[1]: 189 30[2]: 1 97 
shipping[1] 1[1]: 156 
shoot[1] 3[1]: 59 
shooter[1] 22[2]: 305 330 
shopping[1] 21[2]: 304 447 
short[1] 7[1]: 487 
shortest[1] 35[1]: 495 
shortlived[1] 3[1]: 394 
shorts[1] 9[1]: 144 
shortterm[1] 1[1]: 117 
should[5] 5[4]: 223 340 431 491 13[1]: 403 26[1]: 299 27[1]: 608 38[3]: 21 210 508 
show[13] 5[2]: 470 535 7[1]: 585 12[1]: 58 14[2]: 53 78 17[2]: 300 682 18[1]: 255 19[1]: 189 22[1]: 101 25[1]: 314 30[2]: 65 421 31[1]: 298 38[1]: 422 39[1]: 506 
showed[11] 7[1]: 547 9[1]: 592 11[1]: 47 12[2]: 292 319 14[1]: 171 17[2]: 527 564 20[1]: 102 28[1]: 367 30[1]: 104 31[1]: 399 32[2]: 87 423 
showing[2] 3[2]: 33 523 9[1]: 659 
shown[7] 0[1]: 255 11[2]: 543 650 14[1]: 234 31[1]: 454 32[1]: 263 36[1]: 285 39[1]: 24 
shows[5] 2[1]: 25 5[1]: 608 14[1]: 302 17[2]: 173 644 39[1]: 96 
shredded[1] 7[1]: 132 
shrewd[1] 21[1]: 264 
shrinking[1] 14[1]: 509 
shrouds[1] 19[1]: 299 
shut[1] 27[1]: 377 
shuttle[1] 0[1]: 130 
sialyllewisx[1] 19[1]: 161 
side[4] 0[1]: 22 14[2]: 201 428 35[1]: 590 39[1]: 169 
sides[1] 38[1]: 274 
siegler[1] 21[1]: 556 
sierra[1] 26[1]: 62 
signal[4] 7[1]: 478 21[1]: 428 26[1]: 339 28[2]: 596 632 
signaling[2] 15[1]: 349 16[1]: 478 
signals[2] 16[1]: 439 28[3]: 346 445 448 
signatures[2] 5[1]: 537 8[1]: 623 
signed[1] 26[1]: 272 
significant[5] 6[1]: 103 12[1]: 243 16[2]: 124 332 26[2]: 303 325 31[1]: 535 
significantly[4] 17[2]: 614 625 18[1]: 133 19[1]: 776 24[1]: 427 
signify[1] 3[1]: 200 
signs[2] 5[1]: 610 17[1]: 566 
silence[1] 15[2]: 70 405 
silencing[1] 15[4]: 4 115 161 252 
silicon[4] 25[1]: 199 32[1]: 131 35[2]: 251 255 36[2]: 50 531 
silver[1] 33[1]: 380 
simcity[1] 22[1]: 320 
similar[11] 0[1]: 618 2[1]: 124 5[1]: 27 6[1]: 282 8[1]: 241 11[1]: 470 17[2]: 590 710 18[1]: 267 24[1]: 461 34[1]: 472 38[1]: 326 
similarities[1] 5[1]: 550 
simple[4] 9[1]: 8 30[1]: 111 36[1]: 210 37[1]: 430 
simply[5] 15[1]: 308 24[1]: 251 29[1]: 480 31[1]: 227 35[1]: 611 
simulate[1] 28[1]: 424 
simulated[1] 18[1]: 155 
simulation[1] 1[1]: 268 
simulations[1] 3[2]: 371 569 
simultaneously[2] 1[1]: 411 37[1]: 221 
since[10] 2[1]: 447 4[1]: 826 5[1]: 134 7[1]: 36 9[1]: 332 16[1]: 276 18[3]: 182 207 309 21[1]: 240 24[1]: 345 29[1]: 146 
single[7] 0[1]: 672 4[1]: 430 5[1]: 170 10[3]: 229 349 387 14[1]: 119 32[1]: 110 38[1]: 243 
singlecell[1] 10[2]: 317 444 
singlecelled[1] 10[1]: 186 
singlewalled[1] 33[1]: 268 
sinica[1] 19[1]: 146 
site[3] 2[2]: 157 580 15[2]: 266 353 26[1]: 519 
sites[3] 3[1]: 226 15[1]: 228 27[2]: 221 275 
six[6] 8[2]: 76 324 9[1]: 104 14[1]: 497 17[2]: 560 611 20[1]: 96 29[2]: 158 254 
size[5] 2[2]: 66 82 5[1]: 401 18[1]: 273 19[1]: 334 39[1]: 372 
sizeable[1] 29[1]: 284 
skewed[1] 17[1]: 11 
skippen[1] 26[3]: 239 266 312 
skull[1] 17[7]: 336 373 441 471 585 699 779 
skulls[1] 17[13]: 2 12 67 119 145 164 483 520 562 573 596 612 674 
sky[1] 8[3]: 94 304 317 
slamming[1] 3[1]: 204 
slams[1] 7[1]: 392 
slex[1] 19[8]: 163 191 285 625 665 690 745 803 
slexlike[1] 19[1]: 467 
slightly[1] 27[1]: 506 
slip[1] 38[1]: 397 
slowmoving[1] 3[1]: 270 
slows[1] 3[1]: 448 
small[10] 0[1]: 623 3[1]: 228 4[1]: 211 12[1]: 182 15[3]: 270 291 335 18[2]: 391 419 24[1]: 381 31[1]: 157 33[1]: 208 39[1]: 347 
smallbusiness[1] 24[1]: 412 
smaller[4] 0[1]: 558 4[1]: 856 5[3]: 312 429 435 39[2]: 234 304 
smallest[1] 34[1]: 217 
smallpox[1] 14[1]: 388 
smart[1] 31[1]: 233 
smartphone[4] 4[2]: 271 795 21[1]: 499 29[5]: 196 250 336 358 451 37[1]: 24 
smartphones[3] 4[6]: 3 217 315 643 830 848 29[3]: 40 90 154 37[1]: 116 
smoke[1] 21[1]: 221 
smooth[1] 3[1]: 576 
smoothest[1] 32[1]: 104 
sniffen[1] 9[6]: 166 231 448 540 646 712 
snout[1] 17[1]: 581 
snowfall[1] 18[1]: 323 
so[27] 0[3]: 35 508 536 1[1]: 57 2[1]: 313 5[2]: 90 368 6[1]: 577 7[2]: 140 465 8[1]: 270 9[2]: 624 694 10[2]: 91 178 11[1]: 387 12[1]: 373 13[1]: 134 15[3]: 277 374 453 17[2]: 820 857 18[1]: 455 19[1]: 339 21[1]: 123 22[2]: 227 442 24[1]: 484 27[1]: 207 28[5]: 165 212 347 488 660 30[3]: 174 326 403 31[1]: 274 36[2]: 58 424 37[1]: 312 38[2]: 233 334 39[1]: 385 
socalled[2] 30[1]: 228 32[1]: 425 
social[2] 25[1]: 176 27[1]: 483 
socializing[1] 4[1]: 0 
societies[1] 22[1]: 321 
socorro[1] 7[1]: 232 
software[2] 3[1]: 514 4[3]: 221 473 505 
soho[1] 6[2]: 389 587 
soil[1] 12[1]: 147 
sokolov[1] 36[3]: 186 214 446 
solar[9] 0[1]: 316 1[1]: 246 6[6]: 115 127 187 385 393 607 8[2]: 233 513 30[2]: 116 464 33[1]: 518 35[1]: 53 36[1]: 641 37[1]: 304 
sold[2] 28[1]: 91 29[1]: 81 
solely[1] 17[1]: 28 
solid[2] 1[2]: 147 316 33[1]: 162 
solidlike[1] 32[1]: 491 
solidstate[1] 33[4]: 6 21 419 545 
solutions[2] 33[1]: 420 38[1]: 84 
solve[4] 10[1]: 109 25[1]: 307 37[1]: 58 38[1]: 47 
solved[2] 13[1]: 499 30[1]: 211 
some[19] 0[1]: 257 2[1]: 126 4[3]: 186 691 783 5[2]: 334 549 6[1]: 265 7[1]: 345 8[1]: 604 11[1]: 185 12[2]: 381 390 16[1]: 385 19[1]: 91 21[1]: 327 24[1]: 211 25[3]: 34 226 427 32[1]: 128 34[1]: 340 35[1]: 341 36[1]: 177 39[1]: 156 
someday[1] 14[1]: 464 
someone[3] 21[2]: 58 457 27[2]: 310 556 35[1]: 94 
something[4] 9[1]: 632 13[1]: 145 25[1]: 172 36[1]: 482 
sometimes[3] 6[1]: 143 8[1]: 158 16[1]: 491 
somewhat[1] 36[1]: 130 
sonar[1] 17[1]: 102 
sony[1] 26[2]: 371 413 
sonys[1] 27[1]: 530 
soon[2] 7[1]: 105 22[1]: 21 
sophisticated[1] 28[1]: 304 
sort[2] 5[1]: 624 17[1]: 99 
sorts[1] 24[1]: 330 
sound[3] 6[1]: 416 17[2]: 734 757 28[3]: 147 199 389 
sounds[4] 6[1]: 359 17[3]: 22 95 812 21[1]: 280 28[1]: 55 
source[3] 7[6]: 54 61 108 551 576 640 20[2]: 236 267 23[1]: 198 
sources[3] 5[2]: 577 637 10[1]: 277 23[2]: 72 231 
south[1] 2[1]: 289 
space[12] 0[17]: 17 52 66 102 124 129 139 173 181 277 309 446 484 495 723 813 832 1[2]: 220 307 3[3]: 23 73 170 4[15]: 5 14 55 72 97 281 452 479 555 571 673 682 694 784 807 6[3]: 106 364 623 7[3]: 186 650 708 8[4]: 137 260 590 644 9[9]: 63 86 101 125 258 439 509 555 668 17[1]: 817 24[1]: 174 26[1]: 530 33[1]: 209 
spacebased[1] 0[1]: 315 
spacecraft[4] 0[3]: 379 512 779 1[4]: 237 251 266 339 4[1]: 394 6[1]: 382 
spacegoing[1] 0[1]: 367 
spacelab[1] 4[4]: 237 317 460 697 
spaceworthy[1] 0[1]: 712 
spain[1] 27[1]: 256 
span[1] 33[1]: 81 
spark[1] 0[1]: 306 
sparked[1] 39[1]: 44 
spawn[1] 13[2]: 248 263 
spawning[1] 13[1]: 35 
speaking[1] 26[1]: 350 
special[1] 34[1]: 33 
specially[2] 28[1]: 383 30[1]: 221 
specific[4] 10[1]: 266 12[1]: 233 15[3]: 100 176 232 19[1]: 558 
specifically[3] 19[1]: 192 25[1]: 194 35[1]: 157 
spectra[1] 5[1]: 534 
spectral[1] 8[1]: 657 
spectrometry[1] 19[1]: 315 
spectrum[1] 23[1]: 253 
speed[4] 0[1]: 321 7[2]: 358 598 30[1]: 270 36[2]: 3 513 
speediest[1] 36[1]: 90 
speeds[3] 3[1]: 63 28[1]: 556 36[1]: 39 
speedy[1] 23[1]: 365 
spell[1] 13[1]: 39 
spend[2] 0[1]: 336 21[1]: 482 
spending[1] 24[1]: 364 
spent[2] 2[1]: 392 22[1]: 51 
sperm[1] 19[12]: 5 19 57 194 509 540 551 577 587 681 768 873 
spermbinding[1] 19[1]: 465 
spermegg[1] 19[1]: 794 
sperms[1] 19[1]: 758 
spheres[1] 4[1]: 820 
spin[1] 7[1]: 366 
spins[1] 34[2]: 181 325 
spiral[1] 5[6]: 25 56 217 270 626 694 
spirals[1] 7[1]: 328 
spirit[1] 2[2]: 532 567 
spitzer[1] 8[1]: 589 
split[2] 8[1]: 613 17[1]: 660 
spoke[1] 25[1]: 59 
spokesman[1] 20[2]: 67 167 
spontaneous[1] 34[2]: 194 261 
spontaneously[1] 34[1]: 240 
spooky[1] 34[1]: 118 
sporadically[1] 3[1]: 297 
spot[3] 0[1]: 839 6[1]: 496 8[2]: 71 104 
spots[2] 2[1]: 198 11[1]: 402 
spread[1] 14[2]: 63 104 
spreading[1] 12[1]: 118 
springrun[1] 13[1]: 43 
sprint[2] 23[1]: 310 28[1]: 356 
sprints[1] 28[1]: 278 
spukhafte[1] 34[1]: 116 
spur[1] 0[1]: 890 
squyres[1] 2[1]: 109 
st[1] 2[1]: 353 
stability[1] 33[1]: 332 
stabilization[1] 14[1]: 511 
stable[3] 31[1]: 489 33[1]: 415 38[1]: 462 
staff[1] 27[1]: 357 
stage[3] 0[4]: 529 613 629 642 1[3]: 297 324 330 6[1]: 348 
stages[3] 3[1]: 82 11[1]: 216 14[1]: 453 
standard[5] 4[1]: 229 14[1]: 113 22[1]: 385 32[1]: 282 33[2]: 88 128 
standards[4] 4[1]: 129 5[1]: 144 24[1]: 456 31[1]: 105 
stands[1] 25[1]: 211 
stanford[2] 6[3]: 58 97 539 36[5]: 75 147 194 229 448 
stanley[1] 27[1]: 600 
star[5] 3[6]: 188 249 316 397 419 463 5[2]: 242 617 6[1]: 322 7[5]: 9 136 286 500 535 8[4]: 269 499 509 576 
stared[1] 17[1]: 464 
starformation[1] 3[1]: 413 
starlike[1] 8[1]: 26 
stars[4] 3[6]: 10 42 57 85 167 345 5[1]: 280 7[1]: 422 8[4]: 7 163 185 222 
start[3] 0[1]: 659 21[2]: 435 446 22[1]: 217 
started[3] 5[1]: 446 14[1]: 577 17[1]: 332 
starting[2] 6[1]: 132 36[1]: 294 
state[7] 4[2]: 380 383 7[2]: 86 663 20[1]: 483 24[1]: 161 34[1]: 200 35[2]: 15 121 38[3]: 216 226 340 
statement[2] 23[3]: 173 527 560 26[2]: 228 270 
stateoftheart[1] 12[1]: 172 
states[2] 34[1]: 152 38[5]: 70 128 363 419 429 
stathis[1] 6[1]: 91 
static[2] 9[4]: 73 148 330 467 28[1]: 567 
stating[2] 23[2]: 184 535 25[1]: 295 
station[4] 0[1]: 485 4[10]: 15 73 98 147 248 453 572 674 808 825 7[2]: 187 709 9[7]: 64 126 259 383 510 591 669 
stations[1] 4[1]: 43 
stays[1] 13[1]: 317 
steadily[1] 8[1]: 190 
steady[1] 3[1]: 284 
stellar[2] 3[1]: 30 6[1]: 232 
stem[1] 39[1]: 399 
stemming[1] 27[1]: 79 
step[3] 11[4]: 118 517 671 742 34[1]: 522 38[2]: 109 489 
stepanauskas[1] 10[3]: 223 331 407 
steve[2] 2[1]: 108 25[4]: 235 317 345 356 
steven[1] 32[1]: 188 
sticky[2] 19[2]: 2 50 32[1]: 343 
stiffer[1] 31[1]: 281 
stiffest[1] 32[1]: 268 
stifling[1] 26[1]: 588 
still[13] 2[1]: 507 3[1]: 17 6[2]: 193 270 7[2]: 63 591 14[1]: 449 15[1]: 108 19[2]: 386 433 21[1]: 24 23[3]: 214 411 436 24[1]: 488 29[3]: 54 164 455 35[1]: 604 36[1]: 490 
stimulate[1] 11[1]: 214 
stimulated[1] 11[1]: 510 
stimulates[2] 11[1]: 280 16[1]: 453 
stinging[1] 24[1]: 123 
stitch[1] 3[1]: 156 
stockholm[1] 13[1]: 64 
stood[1] 27[1]: 42 
stop[3] 19[1]: 338 23[1]: 472 26[1]: 573 
storage[2] 33[3]: 8 68 423 39[2]: 122 299 
store[2] 4[1]: 119 38[3]: 181 417 481 
stored[3] 4[1]: 657 31[1]: 522 38[1]: 366 
storing[1] 13[1]: 452 
storm[1] 6[1]: 11 
storms[1] 6[1]: 116 
straight[3] 7[1]: 381 17[1]: 577 35[6]: 33 76 100 223 605 624 
straightened[1] 17[1]: 438 
strain[2] 14[1]: 374 28[1]: 539 
strange[1] 21[1]: 162 
strategies[3] 0[1]: 114 11[1]: 712 13[1]: 204 
stream[3] 3[1]: 285 9[1]: 295 13[2]: 308 316 
streaming[2] 7[1]: 32 21[2]: 302 436 
streams[1] 13[4]: 1 30 37 237 
street[1] 23[1]: 456 
strength[2] 28[3]: 258 603 633 31[1]: 386 
stress[2] 13[1]: 481 16[11]: 98 134 162 191 202 243 277 296 393 420 449 
stressrelated[1] 16[3]: 7 44 373 
stressresponse[1] 16[1]: 354 
stretches[1] 12[1]: 183 
strike[1] 35[1]: 543 
strikes[1] 23[1]: 401 
striking[1] 35[1]: 587 
strikingly[1] 7[1]: 466 
strips[1] 39[1]: 273 
strong[3] 11[2]: 87 253 29[1]: 306 37[1]: 502 
stronger[1] 31[1]: 186 
strongest[1] 32[1]: 270 
strongly[2] 11[1]: 83 23[1]: 123 
structural[1] 36[1]: 384 
structure[11] 3[2]: 255 302 5[1]: 621 12[1]: 327 25[1]: 276 27[1]: 180 30[1]: 101 32[1]: 126 33[1]: 390 35[1]: 442 38[1]: 402 39[2]: 38 381 
structured[1] 3[1]: 542 
structures[6] 10[1]: 84 17[2]: 89 709 30[1]: 220 32[2]: 393 482 33[1]: 220 39[2]: 2 104 
sts[1] 4[2]: 103 810 
student[2] 6[1]: 95 27[1]: 572 
students[4] 4[1]: 31 9[14]: 189 218 223 260 309 415 480 548 557 673 691 718 731 743 32[1]: 187 33[1]: 289 
studied[3] 0[1]: 106 2[1]: 34 3[1]: 492 
studies[7] 4[2]: 293 839 6[1]: 290 7[3]: 12 256 418 8[1]: 677 9[1]: 121 10[1]: 300 19[1]: 480 
study[21] 0[3]: 5 253 437 2[1]: 5 3[1]: 475 4[2]: 322 802 5[1]: 122 6[1]: 56 7[2]: 157 190 8[1]: 215 9[4]: 66 265 401 664 10[3]: 264 339 378 11[2]: 200 465 12[2]: 6 76 13[3]: 19 57 112 14[1]: 296 15[1]: 411 16[4]: 186 251 275 541 17[2]: 257 548 19[5]: 28 84 412 602 862 22[7]: 33 49 64 96 292 440 467 32[5]: 21 36 163 183 496 39[1]: 423 
studying[4] 2[1]: 395 6[1]: 164 12[1]: 142 17[2]: 308 334 
stumbling[1] 30[1]: 162 
stymied[1] 31[1]: 28 
subfertility[1] 19[2]: 101 538 
subject[1] 32[1]: 169 
submarine[1] 6[1]: 239 
submerged[1] 6[2]: 271 404 
subsequent[1] 24[1]: 219 
subsequently[2] 15[1]: 82 34[1]: 238 
substantially[2] 31[2]: 47 170 36[1]: 159 
substrate[2] 32[2]: 324 469 35[8]: 8 39 106 141 184 247 258 275 
substrates[1] 32[2]: 105 446 
subway[1] 27[1]: 374 
succeeded[1] 34[2]: 79 488 
success[5] 8[1]: 50 10[1]: 410 25[1]: 287 26[1]: 532 38[1]: 174 
successful[4] 11[1]: 198 19[1]: 567 21[1]: 6 22[1]: 222 
successfully[4] 9[1]: 475 27[1]: 603 38[1]: 11 39[1]: 178 
such[19] 0[2]: 283 354 5[1]: 44 6[1]: 62 12[2]: 201 281 13[1]: 450 14[1]: 534 15[2]: 162 290 16[2]: 337 381 17[1]: 842 20[1]: 469 21[1]: 311 26[1]: 521 28[2]: 359 461 30[2]: 122 462 32[2]: 73 566 33[1]: 399 35[2]: 41 130 36[2]: 48 540 39[1]: 131 
sucked[1] 24[1]: 334 
suddenly[2] 4[1]: 205 21[1]: 143 
sued[1] 26[2]: 366 389 
sues[1] 26[1]: 1 
suffering[1] 28[1]: 562 
sufficient[1] 38[1]: 229 
sugar[1] 19[6]: 40 156 296 517 695 746 
sugardepleted[1] 11[1]: 499 
sugars[2] 11[4]: 341 362 432 496 19[4]: 181 286 559 649 
suggest[5] 2[1]: 223 4[1]: 717 16[1]: 503 18[1]: 215 20[1]: 320 
suggested[3] 7[1]: 423 10[1]: 243 34[1]: 471 
suggesting[1] 16[1]: 330 
suggests[2] 6[1]: 60 38[1]: 497 
suing[1] 26[1]: 600 
suit[2] 23[2]: 47 534 26[2]: 51 407 
suitable[4] 24[1]: 272 33[1]: 40 38[1]: 163 39[1]: 443 
suite[3] 1[1]: 45 14[1]: 323 17[1]: 183 
sulfaterich[1] 2[1]: 420 
sulfuric[1] 33[1]: 342 
sulphur[1] 39[1]: 280 
sum[1] 32[1]: 431 
summer[3] 13[2]: 246 330 18[1]: 432 21[1]: 245 
summers[1] 18[1]: 354 
sun[4] 3[1]: 93 6[8]: 75 205 315 327 337 400 519 636 8[3]: 83 188 527 25[1]: 88 
sunlight[2] 10[1]: 56 37[4]: 11 95 233 326 
sunlike[1] 7[1]: 534 
suns[4] 5[1]: 482 6[4]: 211 377 412 466 7[1]: 250 8[1]: 478 
sunspot[1] 6[8]: 0 228 422 430 449 523 560 571 
sunspots[1] 6[12]: 81 109 129 165 178 199 266 353 405 460 584 669 
supercapacitor[1] 33[4]: 23 160 413 457 
supercapacitors[1] 33[2]: 116 232 
superfast[1] 30[1]: 6 
superior[1] 32[1]: 579 
supermassive[1] 5[10]: 6 20 171 251 329 502 542 556 583 647 
supersized[1] 7[1]: 242 
supersonic[1] 3[2]: 6 62 
supplement[1] 8[1]: 437 
supplies[1] 9[1]: 246 
supply[1] 33[2]: 94 489 
support[3] 0[2]: 207 374 14[1]: 642 18[1]: 519 
supported[2] 9[1]: 628 37[1]: 498 
supporters[1] 27[1]: 363 
supporting[2] 0[1]: 497 2[1]: 564 
supposed[1] 38[2]: 299 373 
suppressor[1] 16[1]: 488 
sure[4] 6[1]: 471 15[1]: 444 28[1]: 457 31[1]: 135 
surely[1] 27[1]: 165 
surface[10] 2[1]: 26 6[4]: 233 378 467 502 10[2]: 30 49 18[3]: 229 301 347 19[2]: 169 290 28[1]: 144 32[1]: 607 33[2]: 188 204 35[1]: 454 39[3]: 59 162 415 
surfaced[1] 24[1]: 342 
surfaces[1] 19[1]: 574 
surfacing[1] 24[1]: 479 
surge[1] 13[1]: 474 
surprise[3] 5[1]: 410 9[2]: 543 609 30[1]: 320 
surprised[3] 12[1]: 12 22[1]: 134 28[1]: 109 
surprisingly[2] 32[1]: 54 38[1]: 467 
surreal[1] 27[1]: 507 
surrounding[3] 3[1]: 557 6[1]: 426 18[1]: 390 
surroundings[1] 3[1]: 331 
survey[2] 8[2]: 17 301 29[2]: 176 239 
surveyed[1] 18[1]: 174 
survive[3] 5[1]: 416 10[1]: 95 13[1]: 244 
survived[1] 24[2]: 3 506 
susceptible[1] 12[1]: 386 
suspended[1] 32[1]: 391 
sustained[2] 16[1]: 284 24[1]: 419 
sven[1] 15[2]: 126 418 
swallow[1] 17[1]: 283 
sweet[1] 0[1]: 838 
swift[1] 7[10]: 40 72 111 169 264 372 456 579 638 641 
swifts[1] 7[1]: 558 
swirl[1] 6[1]: 15 
swirling[1] 3[1]: 443 
swirls[1] 7[1]: 307 
switch[2] 21[1]: 584 38[1]: 214 
switched[1] 37[1]: 159 
symmetrical[1] 17[5]: 118 144 595 640 678 
symmetry[1] 17[1]: 616 
symptoms[2] 14[1]: 208 16[1]: 147 
synchronized[1] 4[1]: 812 
synergetic[1] 37[1]: 539 
synthesis[1] 36[1]: 462 
synthesised[1] 19[1]: 180 
synthesize[1] 36[2]: 136 556 
synthesizing[1] 36[3]: 176 198 654 
synthetic[1] 36[1]: 664 
system[10] 0[1]: 34 1[6]: 91 134 408 429 438 448 2[1]: 497 4[1]: 522 8[3]: 234 500 514 11[1]: 114 22[1]: 279 29[6]: 37 124 175 377 417 514 34[2]: 164 167 38[1]: 245 
systematic[1] 25[1]: 490 
systems[9] 0[4]: 149 213 287 895 3[1]: 577 11[1]: 481 25[1]: 112 26[1]: 403 31[1]: 542 33[1]: 537 34[3]: 40 45 126 38[4]: 9 178 265 315 
