tab[1] 21[1]: 533 
tablet[2] 21[11]: 8 27 65 197 234 348 398 409 555 579 638 37[1]: 123 
tablets[1] 21[3]: 111 210 523 
tabs[1] 21[1]: 622 
tag[1] 0[1]: 134 
taiwan[2] 19[1]: 148 20[1]: 337 
take[8] 0[1]: 46 9[1]: 25 21[1]: 406 24[1]: 385 25[2]: 528 584 36[1]: 182 38[1]: 452 39[1]: 86 
taken[4] 3[1]: 526 17[2]: 608 619 21[1]: 624 36[1]: 551 
takes[3] 0[1]: 781 21[1]: 607 33[1]: 9 
taking[3] 0[2]: 12 118 4[1]: 39 13[1]: 177 
tale[1] 17[1]: 8 
talking[1] 27[1]: 554 
talks[2] 23[1]: 142 25[2]: 2 39 
tangible[1] 16[1]: 259 
tanja[1] 10[1]: 323 
tape[2] 3[1]: 308 32[1]: 351 
target[4] 11[5]: 107 420 527 533 553 14[1]: 280 19[1]: 124 27[1]: 304 
targeted[2] 11[1]: 84 14[1]: 325 
targeting[3] 11[2]: 128 662 15[1]: 233 26[1]: 483 
targets[1] 11[3]: 4 78 443 
task[2] 19[2]: 75 325 36[1]: 348 
tasks[1] 24[1]: 297 
teach[1] 32[1]: 229 
teachers[1] 4[1]: 32 
teaching[1] 9[1]: 99 
team[23] 1[1]: 194 2[1]: 370 3[2]: 132 511 6[2]: 469 612 7[1]: 546 8[5]: 387 448 580 602 640 10[1]: 149 11[1]: 95 14[1]: 332 15[2]: 149 205 16[1]: 16 18[2]: 26 51 19[3]: 134 281 684 25[1]: 425 30[1]: 292 31[1]: 478 32[2]: 84 306 33[1]: 260 34[1]: 486 36[4]: 70 202 392 497 37[1]: 195 38[1]: 257 39[1]: 13 
teams[2] 10[1]: 334 18[1]: 78 
tease[1] 12[1]: 180 
tech[3] 21[1]: 48 25[1]: 535 28[1]: 95 
techcrunch[1] 21[1]: 551 
techcrunchs[1] 21[1]: 74 
technical[1] 24[1]: 52 
technicians[1] 28[1]: 349 
technique[3] 6[4]: 274 453 551 616 34[1]: 380 35[2]: 61 234 
techniques[3] 10[1]: 319 12[1]: 175 34[1]: 473 
technologies[5] 0[1]: 663 1[2]: 167 473 30[1]: 509 38[1]: 150 39[1]: 119 
technology[9] 8[1]: 401 19[1]: 607 24[3]: 120 208 450 25[1]: 120 26[1]: 167 30[1]: 332 32[2]: 406 620 37[3]: 40 408 423 38[3]: 17 40 119 
teeth[1] 17[1]: 298 
telekom[1] 23[1]: 64 
telephone[1] 27[1]: 330 
telescope[3] 3[2]: 24 171 7[1]: 95 8[6]: 56 68 296 591 645 682 
telescopes[1] 8[3]: 609 673 705 
televisions[1] 36[1]: 544 
tell[1] 3[1]: 341 
telltale[1] 8[1]: 621 
temperature[2] 8[4]: 350 354 377 670 13[1]: 500 
temperatures[4] 7[1]: 317 8[1]: 29 13[1]: 253 18[2]: 230 321 
template[1] 31[1]: 162 
tennis[1] 2[1]: 85 
tens[1] 30[1]: 129 
tensile[1] 31[1]: 385 
tequila[1] 20[1]: 210 
term[1] 35[1]: 429 
termed[1] 8[1]: 41 
terminus[1] 18[2]: 188 256 
terms[4] 11[1]: 474 18[1]: 404 21[1]: 49 25[1]: 181 
terrestrial[1] 17[1]: 602 
territories[1] 12[1]: 155 
test[7] 1[3]: 249 254 471 5[1]: 463 13[1]: 197 28[5]: 2 176 219 490 627 31[2]: 431 482 32[1]: 329 36[2]: 144 473 
tested[4] 13[1]: 447 19[2]: 199 688 28[1]: 301 36[1]: 499 
testing[4] 1[2]: 256 333 14[1]: 455 28[2]: 279 287 31[2]: 291 398 
tests[4] 1[1]: 263 9[1]: 251 28[3]: 378 399 422 31[2]: 144 426 
texas[4] 3[1]: 145 5[1]: 568 6[1]: 37 26[1]: 47 
th[2] 6[1]: 248 9[1]: 47 
than[28] 0[3]: 226 665 803 2[2]: 136 466 3[1]: 127 4[1]: 133 5[2]: 437 478 6[2]: 168 423 7[2]: 355 595 8[5]: 46 138 352 357 572 9[3]: 428 444 461 10[1]: 271 12[1]: 29 14[2]: 212 343 17[2]: 650 701 18[4]: 6 18 122 195 19[2]: 644 787 21[2]: 218 609 22[1]: 74 24[1]: 153 25[2]: 418 532 29[3]: 267 314 428 30[1]: 135 31[5]: 56 374 382 392 409 32[2]: 476 490 33[3]: 126 210 240 35[1]: 78 36[2]: 525 528 38[1]: 96 39[1]: 235 
thank[1] 14[2]: 616 633 
thanks[1] 22[1]: 27 
thats[6] 0[1]: 331 2[1]: 328 21[1]: 216 22[1]: 193 28[1]: 57 31[1]: 201 
theft[1] 20[1]: 478 
them[19] 3[1]: 421 4[1]: 625 5[2]: 210 514 6[1]: 486 8[1]: 599 11[1]: 339 12[3]: 422 434 444 13[1]: 27 14[1]: 604 17[4]: 540 623 809 830 20[1]: 110 25[3]: 468 480 485 27[1]: 65 28[1]: 413 29[1]: 364 34[1]: 500 36[2]: 145 175 37[2]: 90 481 38[1]: 56 
then[14] 0[1]: 639 4[1]: 654 9[1]: 150 10[1]: 79 12[2]: 307 328 15[1]: 391 19[1]: 513 25[1]: 310 27[1]: 500 28[1]: 401 33[2]: 314 349 35[5]: 167 260 279 289 318 36[3]: 143 296 488 39[2]: 354 368 
theoretical[2] 7[1]: 417 34[2]: 466 468 
theories[1] 5[1]: 335 
theory[2] 34[1]: 439 36[3]: 269 584 661 
therapeutic[1] 33[1]: 495 
therapies[2] 14[2]: 327 469 16[1]: 382 
therapy[4] 14[5]: 4 41 58 231 543 16[1]: 86 22[5]: 26 163 189 403 457 35[1]: 180 
there[18] 0[1]: 807 2[1]: 516 4[5]: 305 487 514 533 538 5[1]: 396 6[3]: 216 529 546 8[1]: 555 9[1]: 232 10[1]: 204 13[3]: 74 127 436 16[1]: 362 18[1]: 439 21[2]: 470 560 23[2]: 282 507 24[2]: 165 325 29[1]: 507 32[1]: 550 36[1]: 265 38[2]: 240 517 
therefore[2] 12[1]: 411 15[4]: 183 296 323 343 
theres[4] 0[1]: 836 2[1]: 130 4[1]: 731 8[1]: 531 
thermal[1] 32[2]: 148 251 
these[29] 0[2]: 344 879 1[1]: 262 3[4]: 74 326 334 357 4[3]: 107 262 847 5[2]: 152 281 6[3]: 38 358 441 7[2]: 376 564 8[5]: 38 96 196 656 676 10[2]: 72 122 11[2]: 415 735 12[3]: 264 294 402 13[1]: 434 14[5]: 168 456 528 575 595 15[5]: 28 58 194 217 433 16[3]: 242 304 525 17[2]: 82 124 18[3]: 213 264 418 19[1]: 660 22[2]: 84 259 24[1]: 299 25[4]: 161 167 179 395 28[1]: 570 30[3]: 168 227 419 32[1]: 593 34[1]: 496 35[2]: 346 601 36[1]: 179 37[3]: 81 155 296 39[1]: 282 
thesis[1] 6[1]: 532 
theyre[2] 33[1]: 228 36[1]: 626 
theyve[1] 17[1]: 302 
thick[1] 19[1]: 656 
thickness[1] 39[1]: 237 
thin[5] 17[1]: 751 33[2]: 321 354 36[1]: 21 38[1]: 356 39[1]: 272 
thing[3] 12[1]: 392 21[2]: 16 180 36[1]: 211 
things[8] 4[1]: 721 12[1]: 403 13[1]: 129 22[2]: 319 492 25[3]: 240 443 560 32[1]: 345 33[1]: 541 34[1]: 512 
think[7] 0[1]: 835 4[1]: 8 5[1]: 221 9[1]: 519 12[1]: 376 21[2]: 120 215 22[1]: 481 
thinking[3] 9[1]: 736 21[1]: 252 39[1]: 55 
thinnest[2] 30[1]: 186 32[1]: 267 
third[1] 29[1]: 465 
thirty[1] 19[1]: 78 
thompson[1] 13[7]: 95 150 163 328 343 448 492 
those[18] 3[2]: 339 367 4[2]: 50 194 6[1]: 593 8[2]: 139 243 10[1]: 153 11[1]: 444 13[1]: 496 14[2]: 289 516 15[1]: 116 17[3]: 309 572 712 19[1]: 255 22[2]: 10 427 26[2]: 462 495 28[1]: 504 29[8]: 150 191 244 287 294 331 499 524 32[1]: 568 35[1]: 475 36[1]: 411 
though[5] 4[1]: 629 11[1]: 414 20[1]: 294 28[1]: 598 29[2]: 182 488 
thought[2] 10[1]: 206 17[3]: 31 393 652 
thousand[1] 0[1]: 41 
thousands[2] 24[1]: 471 33[2]: 106 251 
threats[1] 13[1]: 15 
three[5] 0[2]: 245 800 2[2]: 43 385 3[2]: 165 507 4[1]: 400 22[1]: 349 
threeaxis[1] 4[2]: 166 369 
threedimensional[1] 17[2]: 350 691 
threemonth[1] 2[1]: 534 
threeyear[1] 22[1]: 451 
thrilling[1] 8[1]: 546 
through[15] 3[1]: 72 6[4]: 296 310 420 424 7[2]: 213 343 11[1]: 748 13[1]: 324 16[1]: 464 18[1]: 453 25[1]: 123 26[1]: 549 29[1]: 208 30[1]: 200 33[1]: 368 35[1]: 192 37[3]: 143 365 547 39[1]: 410 
throughout[4] 14[1]: 282 16[1]: 456 22[1]: 59 25[1]: 510 
throwing[1] 21[1]: 289 
thrown[1] 11[1]: 315 
thus[3] 8[1]: 177 15[3]: 166 230 410 24[1]: 308 
ticker[1] 3[1]: 307 
ticket[1] 0[1]: 850 
tidal[1] 7[1]: 530 
tidally[1] 7[1]: 420 
tide[1] 24[1]: 348 
tides[1] 7[1]: 298 
time[24] 2[1]: 486 3[4]: 116 192 264 320 4[1]: 391 6[3]: 442 507 658 7[2]: 624 635 8[1]: 202 11[2]: 265 578 12[1]: 338 13[1]: 297 14[2]: 224 582 15[1]: 402 16[1]: 132 17[2]: 330 819 20[1]: 371 21[1]: 456 22[2]: 340 365 26[1]: 391 29[2]: 340 444 34[1]: 5 35[1]: 88 36[2]: 168 652 37[2]: 314 538 38[4]: 74 157 232 307 39[4]: 28 157 428 489 
timedistance[1] 6[1]: 277 
timeintensive[1] 36[1]: 129 
timelapse[1] 3[2]: 158 335 
timelimited[1] 16[1]: 280 
timeline[1] 36[1]: 115 
times[11] 0[2]: 175 801 2[1]: 464 7[1]: 248 8[2]: 127 319 13[1]: 311 16[1]: 418 30[2]: 133 264 31[5]: 51 383 393 407 421 33[3]: 108 123 238 36[1]: 526 39[1]: 233 
timescales[1] 3[1]: 122 
tiny[4] 19[2]: 331 726 30[1]: 218 33[1]: 245 37[2]: 144 161 
tip[1] 35[1]: 415 
tisdale[1] 2[3]: 96 165 200 
tissue[1] 14[1]: 242 
tissues[1] 14[2]: 69 165 
titanium[1] 33[1]: 326 
tmobile[1] 23[3]: 9 53 429 
tmobiles[1] 23[3]: 21 165 249 
today[7] 12[1]: 52 14[1]: 33 21[1]: 51 23[1]: 38 24[1]: 460 25[2]: 131 184 28[1]: 85 
todays[2] 0[1]: 550 37[1]: 112 
together[5] 3[3]: 157 517 527 6[1]: 174 17[3]: 316 460 609 19[2]: 62 581 32[2]: 349 450 
told[4] 0[1]: 55 20[4]: 91 169 241 297 23[5]: 83 199 234 256 453 26[1]: 208 
tolerated[1] 14[1]: 192 
tollfree[1] 27[1]: 315 
tomorrow[1] 20[1]: 418 
tons[1] 4[1]: 758 
too[5] 8[1]: 166 13[2]: 32 239 22[1]: 82 25[1]: 457 29[3]: 19 21 442 
took[6] 4[1]: 131 7[1]: 144 24[1]: 468 26[1]: 378 33[1]: 175 36[1]: 452 
tool[1] 27[1]: 228 
tools[2] 4[1]: 230 35[2]: 52 137 
tooth[1] 17[1]: 265 
toothed[1] 17[5]: 80 152 277 658 717 
top[7] 6[1]: 221 17[1]: 543 25[1]: 159 30[2]: 93 224 33[1]: 377 35[1]: 306 37[1]: 512 
topic[1] 24[1]: 29 
topics[1] 25[1]: 392 
topography[1] 32[1]: 100 
tor[1] 27[1]: 341 
tornado[1] 6[1]: 26 
torsion[1] 17[1]: 692 
total[3] 18[2]: 114 206 21[1]: 313 22[1]: 334 
touched[1] 25[2]: 402 495 
touchpad[1] 21[2]: 255 686 
touchpads[1] 21[1]: 158 
tougher[1] 31[4]: 0 52 175 422 
tourism[1] 0[2]: 310 814 
touting[1] 24[1]: 67 
toward[6] 0[1]: 491 7[3]: 34 288 329 9[1]: 306 11[1]: 220 18[1]: 319 25[2]: 547 597 
towards[6] 5[1]: 209 9[1]: 366 11[2]: 119 743 30[1]: 164 34[1]: 523 38[1]: 490 
tower[1] 28[1]: 519 
towers[1] 28[1]: 527 
trace[1] 5[1]: 377 
traced[2] 20[1]: 225 27[2]: 334 348 
track[4] 4[1]: 414 21[1]: 377 24[1]: 46 29[1]: 76 
tracker[1] 4[1]: 325 
tracking[1] 7[1]: 619 
trademark[1] 26[1]: 112 
traditional[3] 11[1]: 189 31[1]: 466 33[1]: 140 
traits[1] 17[1]: 185 
transceivers[1] 26[1]: 133 
transcribed[1] 15[2]: 192 316 
transcript[1] 15[1]: 364 
transfer[3] 23[2]: 424 493 34[1]: 19 38[1]: 456 
transferred[3] 9[1]: 320 33[1]: 315 38[1]: 433 
transform[1] 14[1]: 472 
transformation[1] 39[1]: 331 
transformed[1] 26[1]: 259 
transistors[2] 37[1]: 162 39[1]: 133 
transition[1] 39[3]: 204 439 481 
translational[1] 16[1]: 219 
transmission[1] 39[1]: 500 
transmit[1] 17[1]: 756 
transparent[2] 19[1]: 657 35[3]: 38 140 183 
transport[2] 0[1]: 322 1[1]: 162 
transportation[1] 0[1]: 182 
trapping[1] 10[1]: 370 
travel[3] 0[1]: 325 6[1]: 418 27[1]: 134 
traveling[1] 6[2]: 295 309 
traverses[1] 2[1]: 297 
treat[1] 22[1]: 182 
treated[1] 19[2]: 736 781 
treating[1] 14[1]: 476 
treatment[2] 14[1]: 274 22[1]: 223 
treatments[2] 14[2]: 114 433 19[1]: 431 
tree[1] 12[1]: 305 
trend[1] 18[1]: 312 
trial[1] 14[7]: 5 42 48 89 481 537 625 
trials[2] 14[2]: 556 576 23[1]: 366 
trick[1] 15[1]: 326 
tried[2] 25[1]: 97 29[1]: 371 
trigger[1] 11[1]: 383 
trillion[1] 24[1]: 360 
trips[1] 0[1]: 236 
trough[1] 24[1]: 137 
troy[1] 20[1]: 69 
truck[1] 1[1]: 163 
true[2] 6[1]: 53 21[1]: 191 
truly[3] 7[1]: 118 14[2]: 471 563 36[1]: 593 
try[2] 36[1]: 153 38[1]: 80 
trying[5] 0[1]: 666 17[1]: 850 19[1]: 69 23[1]: 89 27[1]: 311 
tu[1] 38[3]: 18 322 445 
tube[1] 9[3]: 471 579 620 
tubing[1] 9[11]: 138 291 308 317 326 352 368 409 497 516 537 
tuesday[1] 1[1]: 63 
tuesdays[1] 1[1]: 173 
tumor[2] 15[2]: 200 458 16[1]: 487 
tumour[1] 14[2]: 160 514 
tumours[1] 14[4]: 65 281 315 420 
tumourselective[1] 14[2]: 79 172 
tune[1] 20[1]: 292 
turbine[1] 31[3]: 3 519 551 
turbines[1] 31[2]: 18 218 
turbulent[1] 6[1]: 342 
turkey[1] 27[1]: 259 
turkish[1] 27[1]: 272 
turn[5] 16[1]: 170 21[1]: 417 27[1]: 278 31[2]: 245 516 37[1]: 480 
turnaround[1] 0[2]: 205 900 
turned[4] 8[1]: 586 24[1]: 346 33[1]: 229 38[1]: 469 
turning[1] 8[1]: 368 
turnover[1] 24[1]: 283 
tv[2] 25[1]: 43 37[1]: 117 
tvis[1] 18[1]: 69 
twenty[1] 30[1]: 263 
twentyfifth[1] 2[1]: 401 
twentyfold[1] 30[1]: 67 
twice[4] 7[1]: 268 25[1]: 386 29[1]: 429 36[1]: 440 
twilight[1] 10[2]: 10 52 
twin[2] 2[1]: 531 3[1]: 277 
twist[1] 17[1]: 694 
twisted[1] 17[1]: 7 
twitter[1] 27[1]: 470 
two[24] 0[3]: 27 227 640 2[2]: 181 393 3[1]: 219 4[2]: 92 838 5[8]: 75 99 215 371 385 404 575 590 6[3]: 381 490 595 7[1]: 11 9[1]: 46 14[2]: 149 503 15[2]: 246 341 17[1]: 628 18[1]: 100 20[2]: 201 395 21[1]: 569 23[1]: 294 24[2]: 154 340 28[2]: 87 295 30[1]: 88 32[2]: 344 530 34[8]: 38 43 123 183 203 304 332 404 35[1]: 322 36[2]: 395 412 37[2]: 129 152 38[3]: 5 259 312 
twodimensional[2] 17[1]: 704 30[1]: 472 
tyler[1] 26[1]: 48 
type[3] 22[1]: 144 30[1]: 346 37[1]: 199 
types[3] 10[1]: 267 16[1]: 526 33[1]: 437 
typical[4] 5[1]: 369 32[1]: 480 36[1]: 114 39[1]: 227 
typically[1] 2[1]: 138 
