uc[2] 13[3]: 61 106 167 22[3]: 47 125 289 
ucla[1] 37[6]: 46 62 193 286 450 508 
uk[3] 7[1]: 683 19[1]: 372 27[1]: 247 
ulcers[1] 16[1]: 150 
ulm[1] 39[1]: 462 
ultimately[1] 19[1]: 251 
ultraprecise[1] 34[1]: 555 
ultrasensitive[1] 19[1]: 604 
ultrathin[1] 32[1]: 561 
ultraviolet[1] 7[1]: 432 
um[1] 17[5]: 166 222 365 427 500 
unable[1] 19[1]: 114 
unaccounted[1] 10[1]: 285 
unannounced[1] 21[1]: 26 
unanswered[1] 10[1]: 42 
unclear[1] 23[1]: 314 
unconfirmed[1] 20[1]: 313 
uncontrolled[1] 34[1]: 253 
uncover[2] 16[1]: 309 19[1]: 808 
uncovered[2] 16[1]: 402 19[1]: 10 
uncultured[1] 10[1]: 397 
under[11] 1[1]: 335 5[1]: 139 9[1]: 275 13[1]: 480 16[1]: 448 17[1]: 410 19[1]: 730 20[1]: 445 28[1]: 194 32[1]: 20 33[2]: 461 509 
undergo[2] 1[1]: 239 3[1]: 540 
understand[6] 3[2]: 383 389 4[1]: 661 8[2]: 220 226 15[1]: 187 19[1]: 71 35[1]: 225 
understanding[7] 9[1]: 82 10[3]: 14 34 130 12[1]: 359 14[1]: 593 18[1]: 477 19[1]: 419 32[1]: 615 
understood[3] 16[1]: 210 21[1]: 343 27[1]: 52 
underwater[1] 10[1]: 375 
unemployment[1] 25[1]: 539 
unequal[1] 5[1]: 78 
unexpected[2] 32[1]: 0 39[1]: 217 
unexplained[1] 19[3]: 95 387 534 
unfertilised[1] 19[2]: 207 701 
unfortunate[1] 22[1]: 194 
unified[1] 38[1]: 316 
unintended[1] 4[1]: 435 
unions[1] 25[1]: 555 
unique[8] 0[1]: 352 3[1]: 101 4[1]: 44 14[1]: 415 17[1]: 797 30[3]: 148 437 500 32[2]: 124 225 39[1]: 379 
unit[1] 31[1]: 371 
united[1] 1[1]: 285 
universally[1] 39[1]: 152 
universe[1] 7[1]: 511 
universities[3] 18[1]: 509 30[1]: 20 36[1]: 78 
university[22] 2[2]: 116 351 3[1]: 142 5[1]: 566 6[1]: 98 7[1]: 87 10[2]: 432 472 11[2]: 13 172 12[1]: 37 14[1]: 23 15[1]: 146 16[2]: 21 268 17[2]: 38 435 18[3]: 34 41 73 19[4]: 137 141 500 840 27[1]: 575 31[2]: 38 350 32[2]: 44 534 33[1]: 16 34[1]: 287 35[1]: 16 38[2]: 15 117 39[2]: 20 463 
universitys[1] 39[1]: 139 
unknown[1] 16[1]: 198 
unleashes[1] 3[1]: 420 
unless[3] 13[1]: 267 20[1]: 179 27[1]: 335 
unlike[3] 2[1]: 308 7[1]: 99 25[1]: 33 
unloaded[1] 1[1]: 178 
unmask[1] 27[1]: 210 
unnamed[1] 23[1]: 450 
unprecedented[3] 0[1]: 519 3[2]: 3 44 7[1]: 211 
unravel[1] 1[1]: 21 
unravelling[1] 19[2]: 291 530 
unreactive[1] 39[2]: 66 172 
unrealized[1] 24[1]: 510 
unreleased[2] 20[2]: 6 44 28[2]: 16 134 
unscathed[1] 5[1]: 417 
until[4] 8[1]: 203 16[1]: 183 21[1]: 366 34[1]: 51 
untreated[1] 19[1]: 789 
unused[1] 37[1]: 378 
unusual[5] 4[1]: 772 5[1]: 283 7[1]: 48 11[1]: 618 28[1]: 538 
uottawa[1] 14[2]: 26 261 
up[17] 0[3]: 669 710 798 3[1]: 209 8[1]: 369 10[1]: 0 11[1]: 316 19[2]: 356 415 20[2]: 103 501 21[2]: 365 416 22[1]: 493 23[4]: 17 92 243 275 25[1]: 315 27[1]: 326 32[1]: 370 33[1]: 271 34[3]: 50 89 417 35[1]: 609 36[2]: 32 320 
upsets[1] 4[1]: 432 
upstream[1] 13[2]: 354 455 
upward[1] 6[1]: 223 
us[16] 2[1]: 150 3[1]: 342 4[1]: 66 5[1]: 147 8[1]: 571 10[1]: 156 14[1]: 278 17[1]: 398 20[1]: 53 23[2]: 42 339 25[2]: 498 565 26[2]: 39 109 27[2]: 385 408 29[2]: 63 100 32[1]: 230 35[1]: 631 
usa[2] 18[1]: 65 23[1]: 54 
usable[1] 36[1]: 485 
usage[1] 28[1]: 426 
use[21] 4[4]: 218 286 829 840 10[2]: 80 385 12[4]: 71 394 421 443 14[2]: 306 603 15[1]: 212 19[1]: 857 20[1]: 474 22[1]: 471 25[1]: 183 26[2]: 422 491 27[3]: 422 444 468 28[1]: 618 30[1]: 50 31[1]: 544 33[1]: 508 34[2]: 208 264 35[1]: 47 36[1]: 19 37[1]: 334 38[1]: 269 39[1]: 70 
used[19] 2[1]: 185 3[2]: 468 512 4[3]: 192 228 667 6[1]: 287 8[3]: 603 641 674 13[1]: 169 14[1]: 381 15[1]: 324 17[1]: 103 19[1]: 603 21[1]: 370 22[1]: 388 26[1]: 568 31[6]: 58 106 305 445 514 531 34[1]: 568 35[1]: 134 36[2]: 275 533 37[2]: 108 301 39[2]: 262 287 
useful[5] 19[1]: 105 22[1]: 107 28[1]: 416 30[1]: 460 39[1]: 113 
users[3] 4[4]: 465 536 701 715 21[2]: 593 639 24[1]: 459 
uses[4] 4[2]: 364 387 11[2]: 34 231 13[1]: 273 33[1]: 80 
using[17] 0[1]: 585 2[2]: 207 509 4[2]: 329 854 5[2]: 10 572 8[1]: 11 12[1]: 171 17[1]: 348 19[3]: 202 696 724 21[1]: 62 27[1]: 225 30[1]: 251 31[1]: 155 32[2]: 325 373 34[1]: 303 36[2]: 100 379 37[1]: 128 39[2]: 179 494 
usual[1] 38[1]: 282 
usually[4] 11[1]: 230 15[1]: 261 34[1]: 362 38[1]: 193 
utility[2] 27[1]: 298 35[1]: 83 
utilizes[1] 35[1]: 62 
utilizing[1] 33[1]: 404 
