va[1] 7[1]: 677 
vaccine[2] 11[11]: 2 31 88 157 190 229 302 322 386 411 636 14[1]: 386 
vaccines[1] 11[3]: 80 125 211 
vaccinia[1] 14[1]: 376 
validation[1] 29[1]: 70 
valley[1] 25[1]: 200 
valuable[1] 23[1]: 252 
value[2] 18[2]: 130 153 21[3]: 226 537 614 
values[2] 4[1]: 440 18[1]: 159 
valve[1] 37[1]: 171 
valves[1] 37[1]: 167 
van[1] 32[1]: 426 
vancomycin[1] 12[1]: 241 
vandenberg[1] 1[2]: 72 243 
variety[1] 30[1]: 458 
various[3] 16[1]: 174 19[1]: 379 36[1]: 298 
vdi[1] 24[3]: 132 332 431 
vegas[1] 27[1]: 579 
vegetation[1] 1[1]: 144 
vehicle[2] 0[3]: 357 758 894 1[2]: 292 332 
vehicles[1] 0[3]: 190 347 368 
veins[1] 2[1]: 334 
velocities[1] 7[1]: 353 
velocity[1] 30[1]: 159 
venerable[1] 6[1]: 384 
venture[1] 18[1]: 500 
verify[1] 10[1]: 363 
verizon[2] 23[1]: 307 29[1]: 116 
versatile[2] 0[1]: 637 33[1]: 66 
vertical[1] 32[1]: 371 
vertically[1] 35[1]: 626 
very[17] 0[1]: 753 2[1]: 454 7[1]: 227 8[1]: 632 11[1]: 652 14[2]: 217 426 15[2]: 430 454 18[1]: 400 19[4]: 104 226 330 439 22[2]: 133 262 26[1]: 218 28[1]: 493 30[1]: 170 33[1]: 153 34[1]: 47 35[1]: 489 38[2]: 194 217 
veteran[1] 2[1]: 583 
via[4] 4[2]: 67 316 6[1]: 206 21[1]: 387 37[1]: 325 
vibrate[1] 17[1]: 754 
vibrations[1] 6[1]: 372 
vice[1] 31[1]: 346 
victoria[1] 2[4]: 383 396 411 438 
video[4] 1[1]: 49 9[2]: 390 661 22[8]: 3 24 57 103 306 455 473 521 26[1]: 140 
videos[1] 39[1]: 505 
vienna[2] 10[1]: 434 38[5]: 14 19 116 323 446 
view[4] 3[1]: 4 9[1]: 388 10[1]: 480 37[1]: 331 
viewed[3] 7[1]: 447 8[1]: 52 29[1]: 379 
viirs[1] 1[2]: 47 52 
vinyl[1] 31[2]: 438 469 
violate[1] 26[1]: 64 
violates[1] 26[1]: 476 
violating[1] 26[1]: 398 
violence[1] 22[1]: 478 
viral[2] 11[1]: 416 14[4]: 3 57 156 230 
virtual[1] 24[4]: 36 413 448 499 
virtualization[1] 24[12]: 2 14 32 45 66 70 109 164 314 351 397 475 
virtualized[1] 24[4]: 101 234 245 268 
virus[2] 11[5]: 236 249 258 348 352 14[5]: 124 183 189 377 561 
viruses[1] 14[5]: 338 413 457 465 596 
visibility[1] 35[1]: 186 
visible[1] 6[2]: 85 117 
visibleinfrared[1] 1[1]: 42 
visiblelight[1] 8[1]: 55 
vision[2] 8[2]: 65 113 22[3]: 94 111 285 
visit[1] 27[1]: 127 
visited[2] 2[1]: 417 28[1]: 277 
visual[1] 22[4]: 67 205 247 375 
vital[1] 19[1]: 53 
vitrofertilisation[1] 19[1]: 712 
vmware[1] 24[1]: 177 
vmworld[1] 24[3]: 24 40 191 
voice[2] 26[1]: 138 28[3]: 265 548 558 
void[1] 22[1]: 475 
volcanic[1] 2[1]: 127 
voltage[1] 35[1]: 316 
volume[1] 31[1]: 373 
vowed[1] 23[1]: 66 
vulnerability[1] 11[1]: 332 
vulnerable[2] 11[1]: 401 18[1]: 429 
