waals[1] 32[1]: 428 
waged[1] 26[1]: 548 
waiting[1] 21[1]: 530 
wall[3] 23[1]: 455 32[1]: 380 39[2]: 335 352 
wallower[1] 20[1]: 401 
walls[2] 27[1]: 390 32[1]: 372 
walter[1] 11[1]: 685 
wang[1] 5[1]: 391 
want[7] 0[1]: 859 4[1]: 624 11[1]: 381 14[2]: 614 631 15[1]: 185 23[1]: 79 29[1]: 0 
wanted[2] 9[1]: 239 31[1]: 132 
wants[1] 25[1]: 47 
warm[1] 13[2]: 33 240 
warmest[1] 13[1]: 296 
warming[2] 13[4]: 0 36 252 391 18[1]: 433 
warner[1] 26[1]: 392 
warnings[1] 1[1]: 515 
warrant[1] 20[1]: 422 
washington[4] 2[2]: 350 599 7[1]: 10 8[1]: 124 23[1]: 345 
wasnt[1] 5[1]: 89 
wastage[1] 18[1]: 410 
wasted[1] 37[1]: 474 
watched[1] 9[1]: 160 
watching[1] 3[1]: 333 
water[9] 2[2]: 340 429 3[1]: 287 8[1]: 625 9[15]: 69 129 156 298 303 340 356 363 378 411 422 458 489 552 616 13[9]: 79 122 139 202 268 305 357 386 454 17[4]: 24 191 725 856 21[1]: 324 32[1]: 575 35[1]: 55 
watershed[1] 13[1]: 176 
watt[1] 31[1]: 518 
wave[2] 6[1]: 435 13[1]: 465 
wavelengths[2] 5[1]: 166 8[3]: 133 213 307 
waveridertype[1] 0[1]: 682 
waves[2] 6[4]: 294 308 330 417 17[2]: 735 758 
way[14] 1[1]: 336 4[1]: 747 5[3]: 31 103 345 7[1]: 282 11[1]: 122 12[1]: 428 17[1]: 555 19[1]: 435 21[1]: 20 25[3]: 187 442 491 30[1]: 77 34[1]: 393 35[1]: 30 38[2]: 24 77 
ways[2] 5[1]: 664 14[1]: 423 
we[29] 0[1]: 834 2[6]: 140 301 355 451 487 505 3[4]: 321 358 382 387 4[6]: 183 610 621 704 755 761 5[1]: 104 6[7]: 76 354 368 444 554 564 641 7[1]: 625 8[2]: 366 562 9[3]: 610 630 644 10[1]: 344 11[2]: 425 462 12[9]: 261 306 375 378 397 412 420 437 457 13[5]: 131 136 140 302 425 14[6]: 215 291 304 550 569 583 15[4]: 173 184 395 442 17[2]: 392 858 19[6]: 247 340 408 437 448 458 21[2]: 119 121 22[1]: 479 24[2]: 150 226 25[4]: 182 501 577 590 28[2]: 115 121 29[1]: 52 30[2]: 301 351 34[5]: 255 371 376 382 394 36[5]: 479 489 567 649 659 37[5]: 30 384 398 414 544 38[1]: 420 39[2]: 175 192 
weaker[1] 22[1]: 179 
weapon[1] 26[1]: 571 
wear[1] 17[2]: 294 310 
wearing[1] 22[1]: 517 
weather[3] 1[4]: 118 418 496 507 6[2]: 107 624 18[1]: 451 
web[1] 27[2]: 220 274 
wed[1] 5[1]: 92 
wednesday[1] 23[1]: 40 
week[7] 2[1]: 389 13[1]: 117 17[1]: 63 19[1]: 31 20[1]: 38 24[1]: 193 25[1]: 513 
weekends[1] 31[1]: 119 
weekly[1] 20[1]: 80 
weeks[4] 2[2]: 44 182 5[1]: 127 6[1]: 8 20[1]: 319 
weigh[1] 0[2]: 545 797 
weighing[1] 7[1]: 245 
weight[3] 0[1]: 791 31[1]: 31 33[1]: 524 
well[12] 0[1]: 522 4[1]: 703 12[2]: 208 435 14[1]: 191 15[1]: 254 16[2]: 256 292 21[1]: 332 26[1]: 75 27[1]: 293 29[2]: 119 169 32[1]: 276 36[1]: 343 
wellbuilt[1] 2[1]: 615 
wellknown[3] 5[1]: 245 16[1]: 100 17[1]: 70 
wellorganized[1] 5[1]: 269 
wellpreserved[1] 17[1]: 561 
went[4] 6[1]: 596 19[1]: 186 20[1]: 355 31[1]: 114 
were[25] 1[1]: 319 4[1]: 611 7[2]: 474 581 8[3]: 367 373 649 9[5]: 106 484 594 640 643 10[3]: 145 205 352 11[1]: 486 12[6]: 11 26 158 177 266 295 13[1]: 498 14[3]: 135 448 521 17[2]: 361 485 19[1]: 612 20[1]: 57 21[1]: 471 24[1]: 271 25[1]: 454 26[1]: 558 27[7]: 62 119 130 142 248 358 394 29[3]: 89 273 408 31[1]: 513 32[1]: 470 33[2]: 339 351 36[3]: 316 505 568 38[2]: 10 138 39[2]: 248 402 
werent[2] 24[1]: 338 29[1]: 508 
western[1] 31[2]: 36 79 
wet[1] 2[2]: 244 553 
weve[7] 2[1]: 137 5[1]: 156 7[1]: 101 8[2]: 411 551 19[1]: 233 21[1]: 186 37[1]: 16 
whale[1] 17[6]: 1 75 112 218 263 342 
whales[1] 17[18]: 17 81 83 116 135 142 153 199 270 278 287 321 606 656 659 669 718 799 
what[18] 0[2]: 461 509 3[3]: 377 385 407 4[2]: 545 551 6[2]: 302 318 8[1]: 204 9[2]: 163 698 10[1]: 132 15[3]: 62 106 188 17[1]: 319 19[2]: 72 751 20[1]: 298 21[1]: 185 25[5]: 45 154 217 316 355 27[2]: 163 365 28[1]: 552 29[1]: 277 34[1]: 370 36[1]: 478 
whatever[1] 21[1]: 650 
whats[5] 4[1]: 750 24[1]: 159 26[1]: 310 28[1]: 574 35[1]: 203 
when[20] 2[1]: 427 5[1]: 214 7[3]: 388 446 468 8[1]: 51 11[4]: 82 403 428 484 12[2]: 24 374 15[3]: 7 338 420 16[1]: 133 17[4]: 226 447 536 848 19[2]: 544 765 20[1]: 357 22[1]: 426 25[3]: 80 228 406 31[1]: 435 32[1]: 347 33[1]: 213 34[2]: 132 225 36[1]: 495 37[1]: 29 38[2]: 41 394 
where[18] 0[4]: 332 444 840 856 2[1]: 270 3[2]: 201 215 5[1]: 302 7[1]: 333 10[2]: 54 320 12[1]: 131 15[1]: 354 22[1]: 503 24[1]: 225 28[3]: 443 506 615 29[1]: 489 30[1]: 432 31[1]: 336 32[1]: 394 33[1]: 523 34[2]: 381 459 35[3]: 93 474 548 
whether[3] 15[1]: 99 19[1]: 689 22[1]: 273 
while[16] 1[1]: 410 4[2]: 754 836 6[1]: 267 9[2]: 183 658 13[1]: 355 14[1]: 515 16[1]: 87 20[1]: 302 21[1]: 549 23[2]: 281 440 24[2]: 247 485 26[1]: 480 29[1]: 109 32[1]: 577 33[1]: 133 39[1]: 514 
whim[1] 15[1]: 50 
whispernet[1] 21[2]: 333 359 
whispersync[1] 21[2]: 388 389 
whole[5] 6[1]: 635 14[1]: 321 15[1]: 79 17[1]: 698 25[1]: 68 
whos[2] 20[1]: 130 27[1]: 557 
why[8] 1[1]: 54 6[1]: 472 7[1]: 455 11[1]: 184 21[4]: 0 118 225 617 25[1]: 563 27[1]: 200 28[3]: 0 126 167 
wide[4] 1[1]: 398 2[1]: 403 3[1]: 470 33[1]: 243 
widefield[1] 8[1]: 15 
widely[2] 6[1]: 286 21[2]: 337 342 
widespread[1] 22[1]: 231 
wifi[2] 26[3]: 80 199 203 28[1]: 450 
wikileaks[1] 27[1]: 100 
wilan[1] 26[10]: 0 10 144 209 223 257 346 355 424 601 
wilans[1] 26[3]: 50 430 577 
wild[1] 28[2]: 6 139 
william[1] 19[1]: 821 
willing[1] 23[1]: 240 
wind[1] 31[8]: 2 17 216 225 241 262 308 550 
window[2] 1[1]: 366 22[1]: 242 
windows[1] 29[11]: 1 16 127 183 203 216 257 291 323 387 503 
wing[1] 6[1]: 35 
winged[1] 0[1]: 619 
wings[2] 0[1]: 532 6[1]: 113 
winning[2] 9[1]: 27 30[1]: 29 
wins[1] 23[1]: 389 
wire[1] 32[1]: 121 
wired[1] 28[1]: 482 
wireless[4] 21[1]: 362 23[2]: 308 426 26[4]: 5 22 63 132 28[2]: 154 579 
wires[1] 30[1]: 91 
wise[1] 8[13]: 1 19 90 134 272 294 336 385 447 493 561 579 601 
wises[1] 8[1]: 63 
wishful[1] 21[1]: 251 
within[9] 3[2]: 232 545 8[1]: 84 12[1]: 166 14[1]: 64 17[1]: 635 30[1]: 245 31[1]: 496 36[1]: 376 39[4]: 7 49 435 448 
without[10] 0[1]: 736 5[1]: 375 8[1]: 49 9[1]: 580 14[1]: 66 21[1]: 402 28[2]: 181 577 30[2]: 201 265 34[1]: 140 38[1]: 172 
wm[1] 8[1]: 695 
wonder[3] 5[1]: 148 30[1]: 492 32[1]: 259 
wondering[1] 28[1]: 125 
wont[1] 12[1]: 384 
wood[1] 17[1]: 424 
word[1] 21[1]: 665 
words[1] 25[1]: 340 
work[14] 2[1]: 13 3[1]: 426 11[2]: 91 261 13[1]: 424 19[3]: 87 346 457 23[1]: 100 25[1]: 191 27[1]: 449 29[1]: 460 30[1]: 379 34[1]: 502 36[1]: 240 37[2]: 126 401 39[1]: 146 
worked[2] 2[1]: 463 36[1]: 196 
workers[1] 24[1]: 275 
working[11] 0[1]: 490 2[1]: 541 13[1]: 152 14[2]: 571 586 16[1]: 12 17[3]: 209 230 450 21[1]: 106 31[1]: 331 34[1]: 463 36[1]: 616 37[1]: 220 
works[4] 15[1]: 253 31[1]: 74 35[1]: 235 36[1]: 215 
world[12] 0[3]: 25 171 251 1[1]: 227 4[1]: 777 12[1]: 409 13[1]: 392 19[2]: 66 349 22[1]: 502 25[1]: 101 26[1]: 187 30[1]: 190 32[3]: 24 274 519 34[1]: 541 
worldfirst[1] 14[2]: 2 39 
worlds[3] 10[1]: 23 17[1]: 508 31[1]: 123 
worldwide[2] 12[1]: 260 19[1]: 362 
worried[1] 37[1]: 18 
worse[1] 16[1]: 157 
worstkept[1] 21[1]: 114 
would[16] 0[9]: 135 510 524 544 563 614 688 792 796 2[1]: 501 4[3]: 16 632 769 7[1]: 425 9[6]: 226 440 518 521 527 564 13[3]: 88 467 502 17[1]: 844 19[2]: 754 804 21[2]: 315 390 23[8]: 112 128 227 270 297 319 514 547 24[2]: 99 416 28[2]: 130 205 33[1]: 504 35[1]: 584 36[2]: 400 549 37[1]: 385 
wouldnt[2] 5[1]: 407 28[1]: 491 
wove[1] 3[1]: 516 
woyke[1] 10[2]: 324 341 
wreaks[1] 16[1]: 192 
wright[1] 12[3]: 79 126 349 
writing[1] 30[1]: 10 
wrote[2] 26[2]: 511 553 28[1]: 42 
wyse[1] 24[2]: 178 207 
