y[1] 8[9]: 42 77 333 409 466 473 487 637 647 
yang[1] 37[3]: 278 279 412 
yangs[1] 37[1]: 465 
yates[1] 13[1]: 222 
year[13] 0[2]: 50 846 1[1]: 207 3[1]: 153 4[1]: 135 7[1]: 77 9[1]: 681 10[1]: 144 13[2]: 300 314 18[3]: 136 143 169 20[1]: 504 24[3]: 108 231 496 28[2]: 64 375 36[1]: 455 
yearold[2] 12[1]: 150 22[1]: 490 
years[20] 0[1]: 265 2[5]: 38 386 394 515 543 3[4]: 15 98 115 402 4[1]: 47 5[7]: 35 63 84 262 498 593 601 6[1]: 169 7[1]: 152 8[1]: 194 12[4]: 48 140 227 463 14[1]: 344 16[1]: 289 17[1]: 346 18[2]: 340 471 19[2]: 79 308 20[2]: 352 367 24[1]: 155 26[1]: 362 34[1]: 477 36[3]: 111 183 553 38[1]: 30 
yes[1] 27[1]: 50 
yesterday[2] 25[1]: 32 28[1]: 13 
yet[7] 5[1]: 460 6[2]: 566 639 8[1]: 556 10[1]: 308 13[2]: 393 443 22[1]: 424 36[2]: 36 91 
yeung[1] 19[1]: 822 
yield[2] 9[1]: 12 36[1]: 476 
yielded[1] 26[1]: 534 
york[1] 2[5]: 276 281 300 323 366 
young[2] 3[5]: 9 41 166 187 344 22[1]: 208 
younger[2] 25[1]: 203 27[1]: 116 
your[4] 0[1]: 337 8[2]: 379 536 21[3]: 379 385 407 37[1]: 323 
youre[5] 17[1]: 849 21[2]: 422 429 27[1]: 553 28[1]: 108 29[1]: 3 
youssry[1] 37[1]: 486 
ys[1] 8[2]: 145 329 
yukon[1] 12[1]: 154 
